2021 09 01 00 00 0 121 4.39 10 617.3 0.00
2021 09 01 00 01 0 121 4.39 10 617.3 0.00
2021 09 01 00 02 0 121 4.38 10 617.3 0.00
2021 09 01 00 03 0 121 4.38 10 617.3 0.00
2021 09 01 00 04 0 121 4.39 10 617.2 0.00
2021 09 01 00 05 0 110 4.38 10 617.2 0.00
2021 09 01 00 06 0 110 4.38 10 617.2 0.00
2021 09 01 00 07 0 120 4.38 10 617.2 0.00
2021 09 01 00 08 0 120 4.38 10 617.2 0.00
2021 09 01 00 09 0 120 4.38 10 617.2 0.00
2021 09 01 00 10 0 120 4.38 10 617.2 0.00
2021 09 01 00 11 0 120 4.37 9 617.2 0.00
2021 09 01 00 12 0 120 4.38 9 617.2 0.00
2021 09 01 00 13 0 123 4.38 8 617.2 0.00
2021 09 01 00 14 0 188 4.39 8 617.2 0.00
2021 09 01 00 15 0 187 4.34 8 617.2 0.00
2021 09 01 00 16 0 197 4.31 8 617.2 0.00
2021 09 01 00 17 1 205 4.32 8 617.2 0.00
2021 09 01 00 18 1 202 4.33 8 617.2 0.00
2021 09 01 00 19 1 204 4.37 8 617.2 0.00
2021 09 01 00 20 0 201 4.46 7 617.2 0.00
2021 09 01 00 21 0 198 4.52 7 617.2 0.00
2021 09 01 00 22 0 197 4.59 7 617.2 0.00
2021 09 01 00 23 0 195 4.62 7 617.2 0.00
2021 09 01 00 24 0 198 4.63 7 617.2 0.00
2021 09 01 00 25 1 192 4.65 7 617.1 0.00
2021 09 01 00 26 0 163 4.68 7 617.1 0.00
2021 09 01 00 27 1 171 4.66 7 617.2 0.00
2021 09 01 00 28 1 187 4.61 7 617.2 0.00
2021 09 01 00 29 0 170 4.59 7 617.2 0.00
2021 09 01 00 30 2 204 4.55 7 617.1 0.00
2021 09 01 00 31 2 208 4.51 7 617.1 0.00
2021 09 01 00 32 1 201 4.49 7 617.1 0.00
2021 09 01 00 33 1 202 4.45 7 617.1 0.00
2021 09 01 00 34 2 192 4.39 7 617.1 0.00
2021 09 01 00 35 1 204 4.36 7 617.1 0.00
2021 09 01 00 36 2 192 4.33 7 617.1 0.00
2021 09 01 00 37 1 181 4.30 7 617.1 0.00
2021 09 01 00 38 0 217 4.28 7 617.1 0.00
2021 09 01 00 39 0 178 4.22 7 617.0 0.00
2021 09 01 00 40 1 190 4.19 7 617.0 0.00
2021 09 01 00 41 1 184 4.15 7 617.0 0.00
2021 09 01 00 42 2 198 4.17 7 617.0 0.00
2021 09 01 00 43 2 185 4.19 7 617.0 0.00
2021 09 01 00 44 2 195 4.18 7 617.0 0.00
2021 09 01 00 45 3 197 4.16 7 617.0 0.00
2021 09 01 00 46 4 195 4.19 7 617.0 0.00
2021 09 01 00 47 3 236 4.21 7 617.0 0.00
2021 09 01 00 48 3 211 4.26 8 617.0 0.00
2021 09 01 00 49 3 180 4.27 8 617.0 0.00
2021 09 01 00 50 3 193 4.24 8 617.0 0.00
2021 09 01 00 51 3 184 4.20 10 617.0 0.00
2021 09 01 00 52 3 100 4.17 10 617.0 0.00
2021 09 01 00 53 3 179 4.14 11 617.0 0.00
2021 09 01 00 54 3 191 4.12 11 616.9 0.00
2021 09 01 00 55 2 182 4.09 12 616.9 0.00
2021 09 01 00 56 2 180 4.11 14 616.9 0.00
2021 09 01 00 57 1 189 4.13 14 616.9 0.00
2021 09 01 00 58 2 199 4.11 14 616.9 0.00
2021 09 01 00 59 2 211 4.10 13 616.9 0.00
2021 09 01 01 00 2 180 4.09 12 616.9 0.00
2021 09 01 01 01 2 197 4.10 13 616.9 0.00
2021 09 01 01 02 2 199 4.10 13 616.9 0.00
2021 09 01 01 03 2 199 4.10 13 616.9 0.00
2021 09 01 01 04 2 204 4.12 13 616.9 0.00
2021 09 01 01 05 2 183 4.14 13 616.9 0.00
2021 09 01 01 06 2 146 4.14 14 616.9 0.00
2021 09 01 01 07 2 206 4.12 14 616.9 0.00
2021 09 01 01 08 2 197 4.10 13 616.9 0.00
2021 09 01 01 09 2 204 4.10 12 616.9 0.00
2021 09 01 01 10 3 169 4.12 11 616.9 0.00
2021 09 01 01 11 3 201 4.16 11 616.9 0.00
2021 09 01 01 12 3 3 4.20 11 616.9 0.00
2021 09 01 01 13 3 206 4.24 10 616.9 0.00
2021 09 01 01 14 3 197 4.25 10 616.9 0.00
2021 09 01 01 15 3 198 4.26 10 616.8 0.00
2021 09 01 01 16 3 199 4.28 9 616.8 0.00
2021 09 01 01 17 3 197 4.30 9 616.8 0.00
2021 09 01 01 18 2 210 4.27 9 616.8 0.00
2021 09 01 01 19 3 197 4.25 8 616.8 0.00
2021 09 01 01 20 3 203 4.28 8 616.8 0.00
2021 09 01 01 21 3 176 4.30 9 616.8 0.00
2021 09 01 01 22 3 207 4.28 9 616.8 0.00
2021 09 01 01 23 3 204 4.27 9 616.8 0.00
2021 09 01 01 24 3 202 4.28 9 616.8 0.00
2021 09 01 01 25 2 205 4.28 9 616.7 0.00
2021 09 01 01 26 3 208 4.29 8 616.7 0.00
2021 09 01 01 27 2 202 4.32 8 616.7 0.00
2021 09 01 01 28 3 204 4.36 8 616.7 0.00
2021 09 01 01 29 2 207 4.35 9 616.7 0.00
2021 09 01 01 30 2 202 4.34 9 616.7 0.00
2021 09 01 01 31 3 181 4.30 9 616.7 0.00
2021 09 01 01 32 2 204 4.30 9 616.7 0.00
2021 09 01 01 33 3 150 4.28 9 616.7 0.00
2021 09 01 01 34 3 192 4.26 8 616.7 0.00
2021 09 01 01 35 3 185 4.30 9 616.7 0.00
2021 09 01 01 36 3 195 4.29 8 616.7 0.00
2021 09 01 01 37 2 194 4.28 8 616.7 0.00
2021 09 01 01 38 2 188 4.27 8 616.6 0.00
2021 09 01 01 39 2 187 4.28 8 616.6 0.00
2021 09 01 01 40 1 192 4.26 8 616.6 0.00
2021 09 01 01 41 2 138 4.25 8 616.6 0.00
2021 09 01 01 42 2 204 4.28 8 616.6 0.00
2021 09 01 01 43 1 163 4.33 8 616.7 0.00
2021 09 01 01 44 2 164 4.34 9 616.6 0.00
2021 09 01 01 45 3 190 4.34 9 616.6 0.00
2021 09 01 01 46 2 179 4.34 9 616.6 0.00
2021 09 01 01 47 2 183 4.32 10 616.6 0.00
2021 09 01 01 48 1 216 4.28 10 616.6 0.00
2021 09 01 01 49 2 205 4.24 10 616.6 0.00
2021 09 01 01 50 1 166 4.19 10 616.6 0.00
2021 09 01 01 51 1 190 4.16 10 616.5 0.00
2021 09 01 01 52 1 217 4.11 11 616.5 0.00
2021 09 01 01 53 1 191 4.05 11 616.5 0.00
2021 09 01 01 54 1 173 4.01 11 616.5 0.00
2021 09 01 01 55 1 172 3.98 10 616.5 0.00
2021 09 01 01 56 1 190 3.97 10 616.5 0.00
2021 09 01 01 57 2 189 3.97 10 616.5 0.00
2021 09 01 01 58 1 208 3.95 10 616.5 0.00
2021 09 01 01 59 2 184 3.92 10 616.5 0.00
2021 09 01 02 00 1 190 3.88 11 616.5 0.00
2021 09 01 02 01 1 198 3.84 11 616.5 0.00
2021 09 01 02 02 2 186 3.82 12 616.5 0.00
2021 09 01 02 03 2 193 3.82 13 616.5 0.00
2021 09 01 02 04 2 190 3.82 12 616.5 0.00
2021 09 01 02 05 3 167 3.81 12 616.5 0.00
2021 09 01 02 06 2 192 3.80 13 616.5 0.00
2021 09 01 02 07 2 178 3.76 13 616.5 0.00
2021 09 01 02 08 2 189 3.69 13 616.5 0.00
2021 09 01 02 09 2 191 3.69 12 616.5 0.00
2021 09 01 02 10 2 202 3.67 13 616.4 0.00
2021 09 01 02 11 2 212 3.61 13 616.4 0.00
2021 09 01 02 12 3 188 3.58 13 616.4 0.00
2021 09 01 02 13 3 176 3.53 13 616.4 0.00
2021 09 01 02 14 2 192 3.47 13 616.4 0.00
2021 09 01 02 15 3 197 3.39 13 616.4 0.00
2021 09 01 02 16 3 196 3.34 13 616.4 0.00
2021 09 01 02 17 3 194 3.33 13 616.4 0.00
2021 09 01 02 18 3 189 3.31 12 616.4 0.00
2021 09 01 02 19 3 136 3.32 12 616.3 0.00
2021 09 01 02 20 2 189 3.34 11 616.3 0.00
2021 09 01 02 21 3 205 3.37 11 616.3 0.00
2021 09 01 02 22 2 200 3.38 11 616.3 0.00
2021 09 01 02 23 3 194 3.40 11 616.3 0.00
2021 09 01 02 24 3 199 3.41 10 616.3 0.00
2021 09 01 02 25 3 204 3.42 10 616.3 0.00
2021 09 01 02 26 3 209 3.42 11 616.3 0.00
2021 09 01 02 27 4 197 3.42 10 616.3 0.00
2021 09 01 02 28 4 173 3.43 9 616.2 0.00
2021 09 01 02 29 4 199 3.42 9 616.2 0.00
2021 09 01 02 30 5 226 3.44 9 616.2 0.00
2021 09 01 02 31 5 203 3.48 9 616.2 0.00
2021 09 01 02 32 5 209 3.51 8 616.2 0.00
2021 09 01 02 33 4 201 3.55 9 616.2 0.00
2021 09 01 02 34 4 188 3.57 9 616.2 0.00
2021 09 01 02 35 5 148 3.58 9 616.2 0.00
2021 09 01 02 36 5 171 3.59 9 616.2 0.00
2021 09 01 02 37 4 181 3.59 9 616.2 0.00
2021 09 01 02 38 4 184 3.60 8 616.1 0.00
2021 09 01 02 39 5 128 3.61 8 616.1 0.00
2021 09 01 02 40 5 136 3.60 9 616.1 0.00
2021 09 01 02 41 4 207 3.57 9 616.1 0.00
2021 09 01 02 42 5 100 3.56 10 616.1 0.00
2021 09 01 02 43 4 157 3.55 10 616.1 0.00
2021 09 01 02 44 4 201 3.55 10 616.1 0.00
2021 09 01 02 45 4 207 3.53 11 616.1 0.00
2021 09 01 02 46 4 192 3.50 11 616.1 0.00
2021 09 01 02 47 3 183 3.43 11 616.1 0.00
2021 09 01 02 48 4 199 3.38 12 616.1 0.00
2021 09 01 02 49 4 185 3.33 12 616.1 0.00
2021 09 01 02 50 3 195 3.27 13 616.1 0.00
2021 09 01 02 51 4 197 3.21 12 616.1 0.00
2021 09 01 02 52 3 164 3.14 12 616.1 0.00
2021 09 01 02 53 4 163 3.11 12 616.1 0.00
2021 09 01 02 54 4 146 3.09 12 616.1 0.00
2021 09 01 02 55 5 158 3.09 12 616.1 0.00
2021 09 01 02 56 4 191 3.08 12 616.1 0.00
2021 09 01 02 57 4 200 3.05 13 616.1 0.00
2021 09 01 02 58 5 192 3.03 12 616.1 0.00
2021 09 01 02 59 4 187 3.02 12 616.1 0.00
2021 09 01 03 00 4 179 3.02 12 616.1 0.00
2021 09 01 03 01 5 172 3.03 11 616.2 0.00
2021 09 01 03 02 5 203 3.06 11 616.2 0.00
2021 09 01 03 03 4 167 3.06 11 616.2 0.00
2021 09 01 03 04 2 129 3.05 11 616.2 0.00
2021 09 01 03 05 2 189 3.03 12 616.2 0.00
2021 09 01 03 06 2 167 3.03 10 616.2 0.00
2021 09 01 03 07 3 195 3.00 8 616.2 0.00
2021 09 01 03 08 3 189 2.96 8 616.2 0.00
2021 09 01 03 09 2 151 2.93 8 616.2 0.00
2021 09 01 03 10 2 153 2.85 8 616.2 0.00
2021 09 01 03 11 2 203 2.76 8 616.2 0.00
2021 09 01 03 12 2 168 2.71 8 616.2 0.00
2021 09 01 03 13 2 188 2.64 9 616.2 0.00
2021 09 01 03 14 2 188 2.63 9 616.2 0.00
2021 09 01 03 15 2 168 2.65 10 616.2 0.00
2021 09 01 03 16 2 175 2.65 10 616.2 0.00
2021 09 01 03 17 2 173 2.72 11 616.2 0.00
2021 09 01 03 18 3 183 2.78 11 616.2 0.00
2021 09 01 03 19 3 185 2.84 12 616.2 0.00
2021 09 01 03 20 2 187 2.89 12 616.2 0.00
2021 09 01 03 21 2 201 2.93 12 616.2 0.00
2021 09 01 03 22 2 185 2.95 12 616.2 0.00
2021 09 01 03 23 2 184 2.95 12 616.2 0.00
2021 09 01 03 24 2 182 2.95 12 616.2 0.00
2021 09 01 03 25 2 177 2.94 12 616.2 0.00
2021 09 01 03 26 2 152 2.94 12 616.2 0.00
2021 09 01 03 27 2 186 2.94 13 616.2 0.00
2021 09 01 03 28 3 191 2.94 13 616.2 0.00
2021 09 01 03 29 3 184 2.91 13 616.1 0.00
2021 09 01 03 30 2 134 2.86 13 616.2 0.00
2021 09 01 03 31 2 160 2.85 13 616.2 0.00
2021 09 01 03 32 3 194 2.85 13 616.2 0.00
2021 09 01 03 33 3 119 2.84 12 616.2 0.00
2021 09 01 03 34 3 198 2.85 14 616.2 0.00
2021 09 01 03 35 3 158 2.83 14 616.2 0.00
2021 09 01 03 36 3 180 2.81 13 616.2 0.00
2021 09 01 03 37 3 188 2.81 13 616.2 0.00
2021 09 01 03 38 4 162 2.82 12 616.2 0.00
2021 09 01 03 39 4 196 2.85 11 616.2 0.00
2021 09 01 03 40 3 194 2.89 10 616.2 0.00
2021 09 01 03 41 4 204 2.93 9 616.2 0.00
2021 09 01 03 42 3 157 2.95 9 616.2 0.00
2021 09 01 03 43 4 187 2.95 9 616.1 0.00
2021 09 01 03 44 3 131 2.96 9 616.1 0.00
2021 09 01 03 45 4 183 2.96 10 616.1 0.00
2021 09 01 03 46 3 160 2.96 10 616.1 0.00
2021 09 01 03 47 3 192 2.95 9 616.1 0.00
2021 09 01 03 48 4 127 2.97 9 616.2 0.00
2021 09 01 03 49 4 198 2.97 9 616.2 0.00
2021 09 01 03 50 3 157 2.99 8 616.1 0.00
2021 09 01 03 51 4 193 3.03 8 616.2 0.00
2021 09 01 03 52 4 201 3.13 8 616.2 0.00
2021 09 01 03 53 4 204 3.22 7 616.2 0.00
2021 09 01 03 54 4 204 3.33 7 616.2 0.00
2021 09 01 03 55 4 201 3.43 7 616.2 0.00
2021 09 01 03 56 4 200 3.50 7 616.2 0.00
2021 09 01 03 57 3 199 3.53 8 616.2 0.00
2021 09 01 03 58 3 196 3.52 8 616.2 0.00
2021 09 01 03 59 3 198 3.50 8 616.2 0.00
2021 09 01 04 00 3 197 3.46 8 616.2 0.00
2021 09 01 04 01 3 198 3.43 8 616.2 0.00
2021 09 01 04 02 3 199 3.43 8 616.2 0.00
2021 09 01 04 03 3 198 3.41 8 616.2 0.00
2021 09 01 04 04 4 160 3.38 8 616.2 0.00
2021 09 01 04 05 3 170 3.34 8 616.2 0.00
2021 09 01 04 06 3 189 3.29 8 616.2 0.00
2021 09 01 04 07 3 192 3.21 8 616.2 0.00
2021 09 01 04 08 3 179 3.14 8 616.2 0.00
2021 09 01 04 09 3 198 3.06 8 616.2 0.00
2021 09 01 04 10 3 189 3.01 8 616.2 0.00
2021 09 01 04 11 3 182 2.96 8 616.2 0.00
2021 09 01 04 12 3 163 2.92 8 616.2 0.00
2021 09 01 04 13 3 183 2.88 8 616.2 0.00
2021 09 01 04 14 3 187 2.83 8 616.2 0.00
2021 09 01 04 15 3 192 2.81 8 616.2 0.00
2021 09 01 04 16 3 185 2.80 8 616.2 0.00
2021 09 01 04 17 2 172 2.79 8 616.2 0.00
2021 09 01 04 18 3 181 2.78 8 616.2 0.00
2021 09 01 04 19 3 192 2.79 8 616.2 0.00
2021 09 01 04 20 3 48 2.79 8 616.2 0.00
2021 09 01 04 21 3 164 2.82 8 616.2 0.00
2021 09 01 04 22 3 112 2.84 8 616.2 0.00
2021 09 01 04 23 3 196 2.89 8 616.2 0.00
2021 09 01 04 24 4 211 2.93 8 616.2 0.00
2021 09 01 04 25 4 164 2.96 8 616.2 0.00
2021 09 01 04 26 3 171 2.99 8 616.2 0.00
2021 09 01 04 27 4 198 3.00 8 616.2 0.00
2021 09 01 04 28 3 205 3.03 7 616.2 0.00
2021 09 01 04 29 3 199 3.07 7 616.2 0.00
2021 09 01 04 30 3 200 3.09 7 616.3 0.00
2021 09 01 04 31 2 190 3.11 7 616.3 0.00
2021 09 01 04 32 2 188 3.09 7 616.3 0.00
2021 09 01 04 33 1 175 3.07 7 616.3 0.00
2021 09 01 04 34 1 172 3.05 7 616.3 0.00
2021 09 01 04 35 2 178 3.04 7 616.3 0.00
2021 09 01 04 36 1 201 3.03 7 616.3 0.00
2021 09 01 04 37 1 147 3.06 7 616.3 0.00
2021 09 01 04 38 1 183 3.09 7 616.3 0.00
2021 09 01 04 39 1 152 3.10 7 616.3 0.00
2021 09 01 04 40 2 199 3.11 7 616.3 0.00
2021 09 01 04 41 2 167 3.14 7 616.3 0.00
2021 09 01 04 42 2 101 3.16 7 616.3 0.00
2021 09 01 04 43 2 192 3.17 7 616.3 0.00
2021 09 01 04 44 3 190 3.19 7 616.3 0.00
2021 09 01 04 45 2 185 3.18 7 616.3 0.00
2021 09 01 04 46 2 188 3.18 7 616.3 0.00
2021 09 01 04 47 3 136 3.16 7 616.3 0.00
2021 09 01 04 48 3 120 3.19 7 616.3 0.00
2021 09 01 04 49 3 212 3.24 7 616.3 0.00
2021 09 01 04 50 3 207 3.28 7 616.3 0.00
2021 09 01 04 51 2 169 3.31 7 616.3 0.00
2021 09 01 04 52 3 198 3.33 7 616.3 0.00
2021 09 01 04 53 3 189 3.37 7 616.3 0.00
2021 09 01 04 54 3 175 3.40 7 616.3 0.00
2021 09 01 04 55 3 191 3.44 6 616.3 0.00
2021 09 01 04 56 4 165 3.48 7 616.3 0.00
2021 09 01 04 57 3 155 3.46 7 616.3 0.00
2021 09 01 04 58 3 169 3.46 7 616.3 0.00
2021 09 01 04 59 3 195 3.46 7 616.3 0.00
2021 09 01 05 00 3 178 3.46 7 616.3 0.00
2021 09 01 05 01 3 208 3.43 7 616.3 0.00
2021 09 01 05 02 2 186 3.37 7 616.3 0.00
2021 09 01 05 03 2 203 3.34 7 616.3 0.00
2021 09 01 05 04 2 171 3.38 7 616.3 0.00
2021 09 01 05 05 2 176 3.40 7 616.3 0.00
2021 09 01 05 06 2 178 3.46 7 616.3 0.00
2021 09 01 05 07 3 188 3.51 6 616.3 0.00
2021 09 01 05 08 2 196 3.54 7 616.3 0.00
2021 09 01 05 09 2 184 3.53 7 616.3 0.00
2021 09 01 05 10 3 193 3.55 7 616.3 0.00
2021 09 01 05 11 3 207 3.55 6 616.3 0.00
2021 09 01 05 12 2 196 3.55 6 616.3 0.00
2021 09 01 05 13 3 176 3.55 6 616.3 0.00
2021 09 01 05 14 3 205 3.56 6 616.3 0.00
2021 09 01 05 15 3 193 3.59 6 616.3 0.00
2021 09 01 05 16 3 193 3.63 6 616.3 0.00
2021 09 01 05 17 4 185 3.68 6 616.3 0.00
2021 09 01 05 18 3 115 3.72 6 616.3 0.00
2021 09 01 05 19 3 175 3.76 6 616.3 0.00
2021 09 01 05 20 4 211 3.80 6 616.3 0.00
2021 09 01 05 21 4 129 3.83 6 616.2 0.00
2021 09 01 05 22 4 181 3.83 6 616.2 0.00
2021 09 01 05 23 3 112 3.83 6 616.2 0.00
2021 09 01 05 24 3 202 3.83 6 616.3 0.00
2021 09 01 05 25 3 207 3.86 6 616.3 0.00
2021 09 01 05 26 3 211 3.87 6 616.3 0.00
2021 09 01 05 27 3 188 3.86 6 616.3 0.00
2021 09 01 05 28 3 142 3.90 6 616.3 0.00
2021 09 01 05 29 2 170 3.92 6 616.3 0.00
2021 09 01 05 30 2 205 3.89 6 616.3 0.00
2021 09 01 05 31 2 193 3.82 7 616.3 0.00
2021 09 01 05 32 1 215 3.75 7 616.3 0.00
2021 09 01 05 33 2 205 3.73 6 616.3 0.00
2021 09 01 05 34 3 180 3.72 6 616.4 0.00
2021 09 01 05 35 3 206 3.71 6 616.4 0.00
2021 09 01 05 36 2 216 3.72 7 616.4 0.00
2021 09 01 05 37 2 203 3.72 7 616.4 0.00
2021 09 01 05 38 3 204 3.73 7 616.4 0.00
2021 09 01 05 39 2 138 3.73 7 616.4 0.00
2021 09 01 05 40 2 205 3.72 7 616.5 0.00
2021 09 01 05 41 2 194 3.70 7 616.5 0.00
2021 09 01 05 42 2 192 3.68 7 616.5 0.00
2021 09 01 05 43 2 218 3.65 7 616.5 0.00
2021 09 01 05 44 2 200 3.58 7 616.5 0.00
2021 09 01 05 45 2 195 3.54 7 616.5 0.00
2021 09 01 05 46 1 188 3.51 7 616.5 0.00
2021 09 01 05 47 2 198 3.49 7 616.4 0.00
2021 09 01 05 48 2 202 3.49 7 616.4 0.00
2021 09 01 05 49 1 203 3.47 7 616.5 0.00
2021 09 01 05 50 1 188 3.47 7 616.5 0.00
2021 09 01 05 51 1 148 3.50 6 616.5 0.00
2021 09 01 05 52 1 188 3.52 6 616.5 0.00
2021 09 01 05 53 3 186 3.51 7 616.5 0.00
2021 09 01 05 54 2 206 3.51 7 616.5 0.00
2021 09 01 05 55 2 195 3.52 7 616.5 0.00
2021 09 01 05 56 2 177 3.54 6 616.5 0.00
2021 09 01 05 57 2 177 3.59 6 616.5 0.00
2021 09 01 05 58 3 192 3.63 6 616.5 0.00
2021 09 01 05 59 3 194 3.68 6 616.5 0.00
2021 09 01 06 00 3 186 3.73 6 616.5 0.00
2021 09 01 06 01 3 162 3.78 6 616.5 0.00
2021 09 01 06 02 3 170 3.81 6 616.5 0.00
2021 09 01 06 03 4 191 3.82 6 616.5 0.00
2021 09 01 06 04 4 184 3.84 6 616.5 0.00
2021 09 01 06 05 3 190 3.87 6 616.5 0.00
2021 09 01 06 06 4 170 3.91 6 616.5 0.00
2021 09 01 06 07 4 186 3.95 6 616.4 0.00
2021 09 01 06 08 4 192 4.00 6 616.4 0.00
2021 09 01 06 09 3 189 4.04 6 616.4 0.00
2021 09 01 06 10 2 181 4.06 6 616.4 0.00
2021 09 01 06 11 3 196 4.06 6 616.4 0.00
2021 09 01 06 12 3 188 4.06 6 616.4 0.00
2021 09 01 06 13 3 217 4.05 6 616.4 0.00
2021 09 01 06 14 3 195 4.03 6 616.5 0.00
2021 09 01 06 15 3 194 4.06 6 616.5 0.00
2021 09 01 06 16 3 188 4.07 6 616.5 0.00
2021 09 01 06 17 3 184 4.11 6 616.5 0.00
2021 09 01 06 18 3 190 4.14 6 616.5 0.00
2021 09 01 06 19 3 169 4.12 6 616.5 0.00
2021 09 01 06 20 3 193 4.09 6 616.5 0.00
2021 09 01 06 21 2 202 4.02 6 616.5 0.00
2021 09 01 06 22 2 196 3.97 6 616.5 0.00
2021 09 01 06 23 3 163 3.93 6 616.5 0.00
2021 09 01 06 24 3 202 3.94 6 616.5 0.00
2021 09 01 06 25 3 184 3.92 6 616.5 0.00
2021 09 01 06 26 2 177 3.93 6 616.5 0.00
2021 09 01 06 27 3 192 3.91 6 616.5 0.00
2021 09 01 06 28 2 200 3.89 6 616.5 0.00
2021 09 01 06 29 2 194 3.87 6 616.5 0.00
2021 09 01 06 30 2 184 3.86 6 616.5 0.00
2021 09 01 06 31 2 215 3.88 6 616.5 0.00
2021 09 01 06 32 3 169 3.88 6 616.5 0.00
2021 09 01 06 33 3 186 3.88 6 616.5 0.00
2021 09 01 06 34 3 188 3.91 6 616.5 0.00
2021 09 01 06 35 4 190 3.92 6 616.5 0.00
2021 09 01 06 36 4 186 3.92 6 616.5 0.00
2021 09 01 06 37 4 197 3.93 6 616.5 0.00
2021 09 01 06 38 4 189 3.91 6 616.5 0.00
2021 09 01 06 39 4 192 3.89 6 616.5 0.00
2021 09 01 06 40 5 122 3.87 6 616.5 0.00
2021 09 01 06 41 4 192 3.87 6 616.5 0.00
2021 09 01 06 42 5 210 3.86 6 616.5 0.00
2021 09 01 06 43 4 184 3.85 6 616.5 0.00
2021 09 01 06 44 5 193 3.81 6 616.5 0.00
2021 09 01 06 45 5 180 3.79 6 616.5 0.00
2021 09 01 06 46 5 155 3.77 6 616.5 0.00
2021 09 01 06 47 6 171 3.74 7 616.5 0.00
2021 09 01 06 48 5 201 3.71 7 616.5 0.00
2021 09 01 06 49 5 184 3.69 6 616.5 0.00
2021 09 01 06 50 4 199 3.66 7 616.5 0.00
2021 09 01 06 51 5 190 3.62 6 616.5 0.00
2021 09 01 06 52 5 175 3.60 6 616.6 0.00
2021 09 01 06 53 5 126 3.56 6 616.6 0.00
2021 09 01 06 54 4 176 3.51 6 616.6 0.00
2021 09 01 06 55 5 161 3.44 6 616.6 0.00
2021 09 01 06 56 4 170 3.40 7 616.6 0.00
2021 09 01 06 57 2 181 3.35 7 616.6 0.00
2021 09 01 06 58 2 226 3.31 7 616.6 0.00
2021 09 01 06 59 3 143 3.27 7 616.7 0.00
2021 09 01 07 00 3 205 3.24 6 616.6 0.00
2021 09 01 07 01 4 191 3.25 6 616.6 0.00
2021 09 01 07 02 5 179 3.28 6 616.6 0.00
2021 09 01 07 03 5 190 3.31 7 616.7 0.00
2021 09 01 07 04 5 144 3.34 6 616.7 0.00
2021 09 01 07 05 4 201 3.37 6 616.7 0.00
2021 09 01 07 06 6 188 3.38 6 616.7 0.00
2021 09 01 07 07 5 155 3.40 6 616.7 0.00
2021 09 01 07 08 4 159 3.40 6 616.7 0.00
2021 09 01 07 09 4 166 3.42 6 616.7 0.00
2021 09 01 07 10 4 148 3.42 6 616.7 0.00
2021 09 01 07 11 3 167 3.41 6 616.8 0.00
2021 09 01 07 12 4 151 3.40 6 616.8 0.00
2021 09 01 07 13 4 188 3.39 6 616.8 0.00
2021 09 01 07 14 4 194 3.38 6 616.8 0.00
2021 09 01 07 15 4 173 3.38 6 616.8 0.00
2021 09 01 07 16 4 190 3.39 6 616.8 0.00
2021 09 01 07 17 4 189 3.39 6 616.9 0.00
2021 09 01 07 18 4 126 3.38 6 616.9 0.00
2021 09 01 07 19 4 168 3.36 6 616.9 0.00
2021 09 01 07 20 4 149 3.34 6 616.9 0.00
2021 09 01 07 21 3 194 3.33 6 616.9 0.00
2021 09 01 07 22 4 166 3.30 6 616.9 0.00
2021 09 01 07 23 3 184 3.28 6 617.0 0.00
2021 09 01 07 24 4 160 3.25 6 617.0 0.00
2021 09 01 07 25 4 174 3.24 6 617.0 0.00
2021 09 01 07 26 4 155 3.23 6 617.0 0.00
2021 09 01 07 27 4 216 3.22 6 617.0 0.00
2021 09 01 07 28 4 219 3.21 6 617.0 0.00
2021 09 01 07 29 4 233 3.20 6 617.0 0.00
2021 09 01 07 30 4 183 3.19 6 617.0 0.00
2021 09 01 07 31 5 201 3.19 6 617.0 0.00
2021 09 01 07 32 5 194 3.18 6 617.0 0.00
2021 09 01 07 33 4 148 3.18 6 617.0 0.00
2021 09 01 07 34 4 153 3.19 6 617.0 0.00
2021 09 01 07 35 4 165 3.19 6 617.0 0.00
2021 09 01 07 36 4 207 3.21 6 617.0 0.00
2021 09 01 07 37 4 184 3.22 6 617.0 0.00
2021 09 01 07 38 5 165 3.24 6 617.0 0.00
2021 09 01 07 39 4 174 3.26 6 617.1 0.00
2021 09 01 07 40 4 187 3.31 6 617.1 0.00
2021 09 01 07 41 4 176 3.34 6 617.1 0.00
2021 09 01 07 42 4 161 3.36 6 617.1 0.00
2021 09 01 07 43 3 180 3.40 6 617.1 0.00
2021 09 01 07 44 4 208 3.45 6 617.2 0.00
2021 09 01 07 45 3 194 3.52 6 617.2 0.00
2021 09 01 07 46 4 145 3.59 6 617.2 0.00
2021 09 01 07 47 5 116 3.66 6 617.2 0.00
2021 09 01 07 48 4 185 3.73 6 617.2 0.00
2021 09 01 07 49 4 183 3.78 6 617.2 0.00
2021 09 01 07 50 5 171 3.83 6 617.2 0.00
2021 09 01 07 51 5 182 3.86 6 617.2 0.00
2021 09 01 07 52 5 182 3.88 6 617.2 0.00
2021 09 01 07 53 6 134 3.91 6 617.2 0.00
2021 09 01 07 54 4 143 3.93 6 617.2 0.00
2021 09 01 07 55 4 188 3.96 6 617.2 0.00
2021 09 01 07 56 4 175 4.00 6 617.2 0.00
2021 09 01 07 57 5 200 4.06 6 617.2 0.00
2021 09 01 07 58 5 209 4.14 6 617.2 0.00
2021 09 01 07 59 4 146 4.22 6 617.2 0.00
2021 09 01 08 00 4 148 4.31 6 617.3 0.00
2021 09 01 08 01 4 211 4.40 6 617.3 0.00
2021 09 01 08 02 5 199 4.47 6 617.3 0.00
2021 09 01 08 03 4 168 4.56 6 617.3 0.00
2021 09 01 08 04 4 188 4.64 6 617.3 0.00
2021 09 01 08 05 5 180 4.68 6 617.3 0.00
2021 09 01 08 06 5 155 4.67 6 617.3 0.00
2021 09 01 08 07 6 212 4.65 6 617.3 0.00
2021 09 01 08 08 6 188 4.62 6 617.3 0.00
2021 09 01 08 09 5 188 4.59 6 617.3 0.00
2021 09 01 08 10 5 170 4.59 6 617.3 0.00
2021 09 01 08 11 6 161 4.60 6 617.3 0.00
2021 09 01 08 12 5 168 4.62 6 617.3 0.00
2021 09 01 08 13 5 170 4.63 6 617.3 0.00
2021 09 01 08 14 5 174 4.68 6 617.3 0.00
2021 09 01 08 15 4 174 4.72 6 617.3 0.00
2021 09 01 08 16 4 152 4.79 6 617.4 0.00
2021 09 01 08 17 4 136 4.84 6 617.4 0.00
2021 09 01 08 18 6 162 4.87 6 617.4 0.00
2021 09 01 08 19 6 132 4.92 6 617.3 0.00
2021 09 01 08 20 5 185 4.93 6 617.4 0.00
2021 09 01 08 21 5 190 4.93 6 617.4 0.00
2021 09 01 08 22 5 77 4.95 6 617.4 0.00
2021 09 01 08 23 5 181 4.96 6 617.4 0.00
2021 09 01 08 24 4 161 5.03 6 617.4 0.00
2021 09 01 08 25 5 179 5.07 6 617.4 0.00
2021 09 01 08 26 5 197 5.10 6 617.4 0.00
2021 09 01 08 27 5 192 5.11 6 617.4 0.00
2021 09 01 08 28 4 156 5.11 6 617.4 0.00
2021 09 01 08 29 5 167 5.13 6 617.5 0.00
2021 09 01 08 30 4 163 5.14 6 617.5 0.00
2021 09 01 08 31 5 196 5.15 6 617.5 0.00
2021 09 01 08 32 3 175 5.19 6 617.5 0.00
2021 09 01 08 33 4 178 5.20 6 617.5 0.00
2021 09 01 08 34 3 188 5.23 6 617.5 0.00
2021 09 01 08 35 3 213 5.25 6 617.5 0.00
2021 09 01 08 36 4 165 5.23 6 617.5 0.00
2021 09 01 08 37 4 145 5.19 6 617.5 0.00
2021 09 01 08 38 3 130 5.17 6 617.6 0.00
2021 09 01 08 39 2 208 5.14 6 617.6 0.00
2021 09 01 08 40 3 154 5.08 6 617.6 0.00
2021 09 01 08 41 3 194 5.03 7 617.6 0.00
2021 09 01 08 42 5 210 5.04 7 617.6 0.00
2021 09 01 08 43 3 166 4.98 7 617.6 0.00
2021 09 01 08 44 3 165 4.91 7 617.6 0.00
2021 09 01 08 45 3 148 4.91 7 617.6 0.00
2021 09 01 08 46 3 201 4.91 7 617.6 0.00
2021 09 01 08 47 4 147 4.89 7 617.6 0.00
2021 09 01 08 48 3 148 4.88 7 617.6 0.00
2021 09 01 08 49 4 173 4.86 7 617.6 0.00
2021 09 01 08 50 5 181 4.84 8 617.6 0.00
2021 09 01 08 51 3 194 4.85 8 617.6 0.00
2021 09 01 08 52 3 215 4.85 7 617.6 0.00
2021 09 01 08 53 3 176 4.88 7 617.6 0.00
2021 09 01 08 54 4 179 4.92 8 617.6 0.00
2021 09 01 08 55 4 186 4.90 8 617.6 0.00
2021 09 01 08 56 4 192 4.88 8 617.6 0.00
2021 09 01 08 57 4 205 4.89 8 617.6 0.00
2021 09 01 08 58 4 170 4.88 7 617.6 0.00
2021 09 01 08 59 3 178 4.91 7 617.6 0.00
2021 09 01 09 00 4 161 4.99 8 617.6 0.00
2021 09 01 09 01 4 185 5.09 8 617.6 0.00
2021 09 01 09 02 4 151 5.22 7 617.7 0.00
2021 09 01 09 03 4 216 5.29 8 617.7 0.00
2021 09 01 09 04 4 203 5.37 8 617.7 0.00
2021 09 01 09 05 4 174 5.43 8 617.7 0.00
2021 09 01 09 06 4 209 5.48 7 617.7 0.00
2021 09 01 09 07 5 158 5.55 8 617.7 0.00
2021 09 01 09 08 5 151 5.59 7 617.7 0.00
2021 09 01 09 09 5 193 5.72 7 617.7 0.00
2021 09 01 09 10 4 195 5.78 7 617.7 0.00
2021 09 01 09 11 4 181 5.86 7 617.7 0.00
2021 09 01 09 12 4 160 5.98 7 617.7 0.00
2021 09 01 09 13 4 211 6.05 7 617.8 0.00
2021 09 01 09 14 4 146 6.15 8 617.8 0.00
2021 09 01 09 15 5 202 6.20 7 617.8 0.00
2021 09 01 09 16 5 212 6.21 7 617.8 0.00
2021 09 01 09 17 4 200 6.25 7 617.8 0.00
2021 09 01 09 18 5 148 6.30 7 617.8 0.00
2021 09 01 09 19 4 203 6.33 7 617.8 0.00
2021 09 01 09 20 6 204 6.39 7 617.8 0.00
2021 09 01 09 21 6 194 6.47 7 617.8 0.00
2021 09 01 09 22 6 201 6.55 6 617.8 0.00
2021 09 01 09 23 6 201 6.63 6 617.8 0.00
2021 09 01 09 24 7 165 6.70 6 617.8 0.00
2021 09 01 09 25 7 197 6.80 6 617.8 0.00
2021 09 01 09 26 6 179 6.88 6 617.9 0.00
2021 09 01 09 27 7 146 6.93 6 617.9 0.00
2021 09 01 09 28 6 174 6.96 6 617.9 0.00
2021 09 01 09 29 7 140 6.99 6 617.9 0.00
2021 09 01 09 30 7 144 7.03 6 617.9 0.00
2021 09 01 09 31 6 201 7.00 6 617.9 0.00
2021 09 01 09 32 7 166 6.98 6 617.9 0.00
2021 09 01 09 33 6 190 6.99 6 617.9 0.00
2021 09 01 09 34 6 203 7.00 6 617.9 0.00
2021 09 01 09 35 6 211 6.98 6 617.9 0.00
2021 09 01 09 36 6 203 6.93 6 617.9 0.00
2021 09 01 09 37 7 207 6.96 6 617.9 0.00
2021 09 01 09 38 7 162 7.03 6 617.9 0.00
2021 09 01 09 39 7 166 7.05 6 617.9 0.00
2021 09 01 09 40 6 202 7.12 6 617.9 0.00
2021 09 01 09 41 7 190 7.13 6 617.9 0.00
2021 09 01 09 42 7 152 7.17 6 617.9 0.00
2021 09 01 09 43 6 185 7.17 6 617.9 0.00
2021 09 01 09 44 6 217 7.16 6 617.9 0.00
2021 09 01 09 45 7 219 7.18 6 617.9 0.00
2021 09 01 09 46 8 187 7.19 6 618.0 0.00
2021 09 01 09 47 7 184 7.17 6 618.0 0.00
2021 09 01 09 48 9 213 7.22 6 618.0 0.00
2021 09 01 09 49 9 172 7.26 6 618.0 0.00
2021 09 01 09 50 8 148 7.35 6 618.0 0.00
2021 09 01 09 51 8 135 7.40 6 617.9 0.00
2021 09 01 09 52 7 206 7.43 7 617.9 0.00
2021 09 01 09 53 9 145 7.50 7 618.0 0.00
2021 09 01 09 54 9 184 7.55 6 618.0 0.00
2021 09 01 09 55 8 211 7.55 6 617.9 0.00
2021 09 01 09 56 7 136 7.55 6 618.0 0.00
2021 09 01 09 57 8 209 7.58 6 618.0 0.00
2021 09 01 09 58 8 197 7.59 6 618.0 0.00
2021 09 01 09 59 9 205 7.59 6 618.0 0.00
2021 09 01 10 00 7 174 7.56 6 618.0 0.00
2021 09 01 10 01 8 197 7.55 7 618.0 0.00
2021 09 01 10 02 8 218 7.57 7 618.0 0.00
2021 09 01 10 03 8 220 7.61 7 618.0 0.00
2021 09 01 10 04 7 194 7.62 6 618.1 0.00
2021 09 01 10 05 7 176 7.66 6 618.0 0.00
2021 09 01 10 06 8 201 7.68 6 618.0 0.00
2021 09 01 10 07 8 174 7.70 6 618.0 0.00
2021 09 01 10 08 9 209 7.74 6 618.1 0.00
2021 09 01 10 09 8 187 7.74 6 618.1 0.00
2021 09 01 10 10 7 226 7.71 6 618.1 0.00
2021 09 01 10 11 7 150 7.67 6 618.1 0.00
2021 09 01 10 12 7 206 7.65 6 618.1 0.00
2021 09 01 10 13 7 214 7.64 7 618.1 0.00
2021 09 01 10 14 6 232 7.64 7 618.1 0.00
2021 09 01 10 15 9 183 7.69 8 618.1 0.00
2021 09 01 10 16 8 213 7.67 7 618.1 0.00
2021 09 01 10 17 6 224 7.55 8 618.1 0.00
2021 09 01 10 18 8 183 7.52 9 618.1 0.00
2021 09 01 10 19 8 199 7.62 7 618.1 0.00
2021 09 01 10 20 8 209 7.68 6 618.1 0.00
2021 09 01 10 21 7 186 7.62 8 618.1 0.00
2021 09 01 10 22 7 215 7.56 10 618.1 0.00
2021 09 01 10 23 6 216 7.54 10 618.1 0.00
2021 09 01 10 24 7 195 7.57 10 618.1 0.00
2021 09 01 10 25 7 218 7.57 8 618.1 0.00
2021 09 01 10 26 8 218 7.58 9 618.1 0.00
2021 09 01 10 27 6 226 7.47 10 618.1 0.00
2021 09 01 10 28 7 223 7.42 11 618.1 0.00
2021 09 01 10 29 9 156 7.47 7 618.1 0.00
2021 09 01 10 30 8 232 7.53 7 618.1 0.00
2021 09 01 10 31 6 176 7.50 9 618.1 0.00
2021 09 01 10 32 7 203 7.51 9 618.1 0.00
2021 09 01 10 33 7 154 7.53 7 618.1 0.00
2021 09 01 10 34 6 199 7.59 8 618.1 0.00
2021 09 01 10 35 9 261 7.71 9 618.1 0.00
2021 09 01 10 36 6 223 7.60 10 618.1 0.00
2021 09 01 10 37 8 222 7.63 10 618.2 0.00
2021 09 01 10 38 7 247 7.62 11 618.2 0.00
2021 09 01 10 39 5 149 7.49 11 618.2 0.00
2021 09 01 10 40 7 229 7.47 8 618.2 0.00
2021 09 01 10 41 6 233 7.47 8 618.2 0.00
2021 09 01 10 42 7 209 7.46 8 618.2 0.00
2021 09 01 10 43 6 214 7.45 7 618.2 0.00
2021 09 01 10 44 7 241 7.49 7 618.1 0.00
2021 09 01 10 45 6 215 7.42 8 618.2 0.00
2021 09 01 10 46 5 214 7.40 9 618.2 0.00
2021 09 01 10 47 5 198 7.42 9 618.2 0.00
2021 09 01 10 48 5 213 7.35 7 618.2 0.00
2021 09 01 10 49 5 199 7.32 6 618.2 0.00
2021 09 01 10 50 5 189 7.37 6 618.2 0.00
2021 09 01 10 51 6 211 7.41 7 618.2 0.00
2021 09 01 10 52 5 175 7.40 11 618.2 0.00
2021 09 01 10 53 3 210 7.36 12 618.2 0.00
2021 09 01 10 54 5 198 7.45 12 618.2 0.00
2021 09 01 10 55 6 207 7.52 11 618.2 0.00
2021 09 01 10 56 5 190 7.55 10 618.2 0.00
2021 09 01 10 57 7 205 7.69 12 618.1 0.00
2021 09 01 10 58 6 215 7.73 12 618.1 0.00
2021 09 01 10 59 7 245 7.86 11 618.1 0.00
2021 09 01 11 00 5 229 7.92 11 618.2 0.00
2021 09 01 11 01 4 221 7.85 12 618.2 0.00
2021 09 01 11 02 5 194 7.88 12 618.2 0.00
2021 09 01 11 03 8 202 7.97 10 618.2 0.00
2021 09 01 11 04 6 218 7.97 11 618.2 0.00
2021 09 01 11 05 4 251 7.95 15 618.2 0.00
2021 09 01 11 06 2 242 7.85 16 618.2 0.00
2021 09 01 11 07 4 193 7.87 19 618.2 0.00
2021 09 01 11 08 3 204 7.82 18 618.2 0.00
2021 09 01 11 09 3 237 7.91 15 618.2 0.00
2021 09 01 11 10 7 215 7.99 16 618.1 0.00
2021 09 01 11 11 5 239 7.97 20 618.2 0.00
2021 09 01 11 12 4 238 7.97 25 618.1 0.00
2021 09 01 11 13 3 193 7.85 24 618.1 0.00
2021 09 01 11 14 5 223 7.92 22 618.1 0.00
2021 09 01 11 15 6 192 7.99 18 618.1 0.00
2021 09 01 11 16 5 193 8.11 17 618.1 0.00
2021 09 01 11 17 4 234 8.31 14 618.1 0.00
2021 09 01 11 18 7 231 8.27 14 618.1 0.00
2021 09 01 11 19 4 163 8.24 17 618.1 0.00
2021 09 01 11 20 4 207 8.19 18 618.1 0.00
2021 09 01 11 21 4 160 8.10 16 618.1 0.00
2021 09 01 11 22 6 203 8.11 12 618.1 0.00
2021 09 01 11 23 5 219 8.01 16 618.1 0.00
2021 09 01 11 24 4 237 7.92 15 618.1 0.00
2021 09 01 11 25 5 165 7.96 15 618.1 0.00
2021 09 01 11 26 2 183 7.88 14 618.1 0.00
2021 09 01 11 27 0 234 7.78 19 618.1 0.00
2021 09 01 11 28 4 262 7.76 24 618.1 0.00
2021 09 01 11 29 4 268 7.68 19 618.1 0.00
2021 09 01 11 30 3 182 7.61 21 618.1 0.00
2021 09 01 11 31 2 184 7.67 22 618.1 0.00
2021 09 01 11 32 3 207 7.68 15 618.0 0.00
2021 09 01 11 33 4 239 7.74 14 618.0 0.00
2021 09 01 11 34 3 279 7.68 17 618.0 0.00
2021 09 01 11 35 4 207 7.58 22 618.0 0.00
2021 09 01 11 36 3 249 7.51 23 618.0 0.00
2021 09 01 11 37 2 215 7.42 23 618.0 0.00
2021 09 01 11 38 4 264 7.50 28 618.0 0.00
2021 09 01 11 39 3 239 7.47 29 618.0 0.00
2021 09 01 11 40 2 199 7.41 28 618.0 0.00
2021 09 01 11 41 1 243 7.33 21 618.0 0.00
2021 09 01 11 42 4 151 7.42 13 618.0 0.00
2021 09 01 11 43 2 253 7.43 13 618.0 0.00
2021 09 01 11 44 1 152 7.39 13 618.0 0.00
2021 09 01 11 45 3 244 7.38 14 618.0 0.00
2021 09 01 11 46 2 249 7.34 17 618.0 0.00
2021 09 01 11 47 3 229 7.34 17 618.0 0.00
2021 09 01 11 48 3 239 7.29 13 618.0 0.00
2021 09 01 11 49 0 247 7.23 11 618.0 0.00
2021 09 01 11 50 0 231 7.23 12 618.0 0.00
2021 09 01 11 51 1 260 7.24 13 618.0 0.00
2021 09 01 11 52 1 310 7.26 17 618.0 0.00
2021 09 01 11 53 0 321 7.21 19 618.0 0.00
2021 09 01 11 54 2 184 7.43 16 618.0 0.00
2021 09 01 11 55 3 176 7.52 11 618.0 0.00
2021 09 01 11 56 1 186 7.50 13 618.0 0.00
2021 09 01 11 57 0 176 7.46 12 618.0 0.00
2021 09 01 11 58 0 342 7.38 9 618.0 0.00
2021 09 01 11 59 0 328 7.30 9 618.0 0.00
2021 09 01 12 00 0 322 7.32 11 618.0 0.00
2021 09 01 12 01 0 10 7.34 11 618.0 0.00
2021 09 01 12 02 0 205 7.46 12 618.0 0.00
2021 09 01 12 03 1 211 7.56 10 618.0 0.00
2021 09 01 12 04 2 216 7.78 10 618.0 0.00
2021 09 01 12 05 4 190 7.91 11 618.0 0.00
2021 09 01 12 06 3 170 7.91 12 618.0 0.00
2021 09 01 12 07 1 223 7.87 11 618.0 0.00
2021 09 01 12 08 5 214 8.09 10 617.9 0.00
2021 09 01 12 09 3 231 8.03 8 617.9 0.00
2021 09 01 12 10 4 225 8.18 9 617.9 0.00
2021 09 01 12 11 7 187 8.34 10 617.9 0.00
2021 09 01 12 12 3 145 8.42 9 617.9 0.00
2021 09 01 12 13 5 215 8.49 8 617.9 0.00
2021 09 01 12 14 5 198 8.49 8 617.8 0.00
2021 09 01 12 15 6 184 8.53 9 617.8 0.00
2021 09 01 12 16 4 245 8.64 10 617.8 0.00
2021 09 01 12 17 7 217 8.83 8 617.8 0.00
2021 09 01 12 18 5 199 8.87 8 617.8 0.00
2021 09 01 12 19 6 186 8.93 10 617.8 0.00
2021 09 01 12 20 7 215 9.06 10 617.8 0.00
2021 09 01 12 21 5 175 9.14 8 617.8 0.00
2021 09 01 12 22 9 219 9.27 7 617.7 0.00
2021 09 01 12 23 8 187 9.28 7 617.7 0.00
2021 09 01 12 24 5 211 9.34 7 617.8 0.00
2021 09 01 12 25 8 185 9.40 8 617.7 0.00
2021 09 01 12 26 6 161 9.44 7 617.7 0.00
2021 09 01 12 27 8 224 9.47 7 617.7 0.00
2021 09 01 12 28 7 214 9.48 7 617.7 0.00
2021 09 01 12 29 7 196 9.54 8 617.7 0.00
2021 09 01 12 30 6 202 9.55 12 617.7 0.00
2021 09 01 12 31 8 245 9.57 21 617.7 0.00
2021 09 01 12 32 6 185 9.52 19 617.7 0.00
2021 09 01 12 33 5 143 9.47 17 617.7 0.00
2021 09 01 12 34 8 219 9.42 17 617.7 0.00
2021 09 01 12 35 6 175 9.29 19 617.7 0.00
2021 09 01 12 36 6 234 9.22 19 617.7 0.00
2021 09 01 12 37 6 219 9.05 19 617.7 0.00
2021 09 01 12 38 6 208 8.90 20 617.7 0.00
2021 09 01 12 39 6 200 8.87 19 617.7 0.00
2021 09 01 12 40 9 214 8.80 19 617.7 0.00
2021 09 01 12 41 8 218 8.79 22 617.7 0.00
2021 09 01 12 42 5 220 8.67 26 617.7 0.00
2021 09 01 12 43 5 240 8.49 26 617.7 0.00
2021 09 01 12 44 3 244 8.28 32 617.7 0.00
2021 09 01 12 45 4 259 8.16 20 617.7 0.00
2021 09 01 12 46 5 236 8.16 19 617.7 0.00
2021 09 01 12 47 4 251 8.06 10 617.7 0.00
2021 09 01 12 48 2 284 7.96 14 617.7 0.00
2021 09 01 12 49 3 230 8.02 15 617.7 0.00
2021 09 01 12 50 3 217 8.13 15 617.7 0.00
2021 09 01 12 51 2 234 8.12 21 617.7 0.00
2021 09 01 12 52 0 231 7.98 21 617.7 0.00
2021 09 01 12 53 0 182 8.05 24 617.7 0.00
2021 09 01 12 54 0 243 8.09 28 617.7 0.00
2021 09 01 12 55 2 207 8.26 25 617.7 0.00
2021 09 01 12 56 3 222 8.29 9 617.6 0.00
2021 09 01 12 57 3 204 8.35 9 617.6 0.00
2021 09 01 12 58 3 188 8.36 11 617.6 0.00
2021 09 01 12 59 5 216 8.49 10 617.6 0.00
2021 09 01 13 00 4 259 8.58 13 617.6 0.00
2021 09 01 13 01 3 266 8.60 15 617.6 0.00
2021 09 01 13 02 4 221 8.69 11 617.6 0.00
2021 09 01 13 03 1 47 8.67 7 617.6 0.00
2021 09 01 13 04 2 255 8.79 19 617.6 0.00
2021 09 01 13 05 0 268 8.91 20 617.6 0.00
2021 09 01 13 06 2 42 9.23 50 617.6 0.00
2021 09 01 13 07 4 60 9.37 60 617.6 0.00
2021 09 01 13 08 1 345 9.39 54 617.6 0.00
2021 09 01 13 09 0 200 9.25 42 617.6 0.00
2021 09 01 13 10 0 145 9.20 28 617.6 0.00
2021 09 01 13 11 1 21 9.35 50 617.6 0.00
2021 09 01 13 12 3 11 9.27 55 617.6 0.00
2021 09 01 13 13 2 210 9.17 54 617.6 0.00
2021 09 01 13 14 1 259 9.23 49 617.6 0.00
2021 09 01 13 15 0 248 9.32 39 617.6 0.00
2021 09 01 13 16 0 280 9.27 29 617.6 0.00
2021 09 01 13 17 1 208 9.29 25 617.6 0.00
2021 09 01 13 18 1 263 9.17 27 617.6 0.00
2021 09 01 13 19 3 214 9.30 26 617.6 0.00
2021 09 01 13 20 5 216 9.48 33 617.6 0.00
2021 09 01 13 21 4 204 9.57 35 617.6 0.00
2021 09 01 13 22 5 230 9.58 28 617.6 0.00
2021 09 01 13 23 2 226 9.56 16 617.6 0.00
2021 09 01 13 24 1 169 9.54 23 617.6 0.00
2021 09 01 13 25 0 195 9.56 32 617.6 0.00
2021 09 01 13 26 1 242 9.46 24 617.5 0.00
2021 09 01 13 27 0 256 9.38 18 617.5 0.00
2021 09 01 13 28 0 233 9.24 11 617.5 0.00
2021 09 01 13 29 0 24 9.31 36 617.6 0.00
2021 09 01 13 30 0 110 9.32 61 617.6 0.00
2021 09 01 13 31 0 23 9.32 54 617.6 0.00
2021 09 01 13 32 0 43 9.32 64 617.6 0.00
2021 09 01 13 33 0 34 9.23 64 617.6 0.00
2021 09 01 13 34 1 58 9.18 59 617.6 0.00
2021 09 01 13 35 0 7 9.18 53 617.6 0.00
2021 09 01 13 36 0 294 9.13 14 617.6 0.00
2021 09 01 13 37 0 248 9.17 17 617.6 0.00
2021 09 01 13 38 0 247 9.10 21 617.6 0.00
2021 09 01 13 39 0 238 9.08 25 617.6 0.00
2021 09 01 13 40 0 253 8.99 22 617.6 0.00
2021 09 01 13 41 1 212 9.01 35 617.5 0.00
2021 09 01 13 42 2 222 8.93 31 617.5 0.00
2021 09 01 13 43 3 249 8.83 24 617.5 0.00
2021 09 01 13 44 3 225 8.78 25 617.5 0.00
2021 09 01 13 45 4 196 8.83 36 617.5 0.00
2021 09 01 13 46 4 236 8.74 29 617.5 0.00
2021 09 01 13 47 3 232 8.62 17 617.5 0.00
2021 09 01 13 48 3 266 8.66 12 617.5 0.00
2021 09 01 13 49 4 251 8.81 12 617.5 0.00
2021 09 01 13 50 5 200 8.96 28 617.5 0.00
2021 09 01 13 51 5 224 9.17 29 617.5 0.00
2021 09 01 13 52 3 207 9.15 24 617.5 0.00
2021 09 01 13 53 3 244 9.24 25 617.5 0.00
2021 09 01 13 54 4 246 9.34 39 617.5 0.00
2021 09 01 13 55 5 258 9.33 56 617.5 0.00
2021 09 01 13 56 4 205 9.32 42 617.5 0.00
2021 09 01 13 57 4 208 9.39 37 617.5 0.00
2021 09 01 13 58 4 217 9.46 37 617.5 0.00
2021 09 01 13 59 4 239 9.51 33 617.5 0.00
2021 09 01 14 00 3 261 9.42 32 617.5 0.00
2021 09 01 14 01 7 235 9.58 41 617.5 0.00
2021 09 01 14 02 6 201 9.64 33 617.5 0.00
2021 09 01 14 03 7 215 9.63 39 617.4 0.00
2021 09 01 14 04 4 219 9.51 33 617.5 0.00
2021 09 01 14 05 4 219 9.47 40 617.5 0.00
2021 09 01 14 06 5 192 9.45 47 617.4 0.00
2021 09 01 14 07 6 190 9.47 43 617.4 0.00
2021 09 01 14 08 5 174 9.48 34 617.4 0.00
2021 09 01 14 09 4 73 9.50 35 617.4 0.00
2021 09 01 14 10 3 205 9.50 31 617.4 0.00
2021 09 01 14 11 2 252 9.33 26 617.4 0.00
2021 09 01 14 12 0 240 9.20 15 617.4 0.00
2021 09 01 14 13 1 212 9.38 25 617.4 0.00
2021 09 01 14 14 2 283 9.45 24 617.4 0.00
2021 09 01 14 15 2 252 9.36 26 617.4 0.00
2021 09 01 14 16 4 237 9.32 27 617.4 0.00
2021 09 01 14 17 3 226 9.42 35 617.4 0.00
2021 09 01 14 18 6 217 9.57 37 617.4 0.00
2021 09 01 14 19 6 266 9.70 22 617.4 0.00
2021 09 01 14 20 5 224 9.76 31 617.4 0.00
2021 09 01 14 21 6 272 9.84 52 617.4 0.00
2021 09 01 14 22 5 269 10.13 60 617.4 0.00
2021 09 01 14 23 7 251 10.45 57 617.4 0.00
2021 09 01 14 24 6 326 10.62 58 617.4 0.00
2021 09 01 14 25 4 285 10.65 53 617.4 0.00
2021 09 01 14 26 5 244 10.59 54 617.4 0.00
2021 09 01 14 27 5 292 10.38 55 617.4 0.00
2021 09 01 14 28 3 227 10.23 55 617.4 0.00
2021 09 01 14 29 5 258 10.08 56 617.4 0.00
2021 09 01 14 30 4 275 9.97 58 617.4 0.00
2021 09 01 14 31 5 247 9.93 54 617.4 0.00
2021 09 01 14 32 6 244 9.86 41 617.4 0.00
2021 09 01 14 33 5 256 9.81 51 617.4 0.00
2021 09 01 14 34 4 240 9.66 42 617.4 0.00
2021 09 01 14 35 5 250 9.70 57 617.4 0.00
2021 09 01 14 36 3 225 9.58 58 617.3 0.00
2021 09 01 14 37 4 205 9.62 48 617.3 0.00
2021 09 01 14 38 8 224 9.65 28 617.3 0.00
2021 09 01 14 39 5 238 9.73 30 617.4 0.00
2021 09 01 14 40 3 223 9.76 37 617.4 0.00
2021 09 01 14 41 6 185 9.77 46 617.3 0.00
2021 09 01 14 42 6 283 9.75 45 617.4 0.00
2021 09 01 14 43 3 252 9.65 43 617.4 0.00
2021 09 01 14 44 0 238 9.54 41 617.4 0.00
2021 09 01 14 45 1 283 9.52 51 617.4 0.00
2021 09 01 14 46 3 349 9.69 54 617.4 0.00
2021 09 01 14 47 2 64 9.77 58 617.4 0.00
2021 09 01 14 48 0 39 9.87 58 617.4 0.00
2021 09 01 14 49 1 50 9.93 62 617.4 0.00
2021 09 01 14 50 3 30 10.02 63 617.4 0.00
2021 09 01 14 51 3 46 9.94 64 617.4 0.00
2021 09 01 14 52 3 22 9.86 66 617.3 0.00
2021 09 01 14 53 11 238 10.20 44 617.3 0.00
2021 09 01 14 54 7 281 10.40 34 617.4 0.00
2021 09 01 14 55 7 282 10.62 48 617.4 0.00
2021 09 01 14 56 5 283 10.51 52 617.4 0.00
2021 09 01 14 57 3 341 10.22 55 617.4 0.00
2021 09 01 14 58 1 25 9.81 58 617.3 0.00
2021 09 01 14 59 1 26 9.69 63 617.3 0.00
2021 09 01 15 00 3 228 9.81 51 617.3 0.00
2021 09 01 15 01 3 214 9.76 49 617.4 0.00
2021 09 01 15 02 2 210 9.55 47 617.4 0.00
2021 09 01 15 03 0 338 9.35 49 617.4 0.00
2021 09 01 15 04 0 57 9.40 57 617.3 0.00
2021 09 01 15 05 1 15 9.32 64 617.3 0.00
2021 09 01 15 06 2 79 9.10 65 617.3 0.00
2021 09 01 15 07 2 48 9.01 64 617.3 0.00
2021 09 01 15 08 5 54 8.95 64 617.3 0.00
2021 09 01 15 09 6 36 8.79 65 617.3 0.00
2021 09 01 15 10 6 43 8.63 66 617.3 0.00
2021 09 01 15 11 8 22 8.46 68 617.3 0.00
2021 09 01 15 12 10 42 8.53 67 617.2 0.00
2021 09 01 15 13 8 36 8.45 67 617.3 0.00
2021 09 01 15 14 8 33 8.26 68 617.3 0.00
2021 09 01 15 15 6 39 8.03 69 617.3 0.00
2021 09 01 15 16 6 314 7.83 69 617.3 0.00
2021 09 01 15 17 4 29 7.62 69 617.3 0.00
2021 09 01 15 18 7 45 7.74 70 617.3 0.00
2021 09 01 15 19 9 48 7.93 69 617.2 0.00
2021 09 01 15 20 8 59 7.91 68 617.3 0.00
2021 09 01 15 21 7 53 7.83 68 617.3 0.00
2021 09 01 15 22 6 40 7.72 68 617.3 0.00
2021 09 01 15 23 6 46 7.73 68 617.3 0.00
2021 09 01 15 24 5 65 7.64 68 617.3 0.00
2021 09 01 15 25 3 60 7.69 67 617.3 0.00
2021 09 01 15 26 3 94 7.75 68 617.3 0.00
2021 09 01 15 27 5 54 7.86 67 617.3 0.00
2021 09 01 15 28 2 204 7.89 65 617.3 0.00
2021 09 01 15 29 7 191 8.08 63 617.3 0.00
2021 09 01 15 30 6 211 8.16 63 617.2 0.00
2021 09 01 15 31 7 215 8.36 62 617.2 0.00
2021 09 01 15 32 5 185 8.38 60 617.2 0.00
2021 09 01 15 33 5 187 8.45 58 617.3 0.00
2021 09 01 15 34 5 233 8.56 56 617.3 0.00
2021 09 01 15 35 5 233 8.55 57 617.3 0.00
2021 09 01 15 36 7 225 8.61 58 617.3 0.00
2021 09 01 15 37 6 199 8.62 57 617.3 0.00
2021 09 01 15 38 5 236 8.61 56 617.3 0.00
2021 09 01 15 39 4 217 8.57 58 617.3 0.00
2021 09 01 15 40 3 186 8.48 57 617.3 0.00
2021 09 01 15 41 4 203 8.46 58 617.3 0.00
2021 09 01 15 42 2 212 8.41 58 617.3 0.00
2021 09 01 15 43 3 207 8.44 61 617.3 0.00
2021 09 01 15 44 5 181 8.48 59 617.3 0.00
2021 09 01 15 45 5 214 8.53 63 617.3 0.00
2021 09 01 15 46 6 173 8.68 62 617.3 0.00
2021 09 01 15 47 3 230 8.61 57 617.3 0.00
2021 09 01 15 48 1 232 8.52 58 617.3 0.00
2021 09 01 15 49 3 180 8.54 62 617.3 0.00
2021 09 01 15 50 4 221 8.52 58 617.3 0.00
2021 09 01 15 51 3 241 8.58 60 617.3 0.00
2021 09 01 15 52 3 225 8.53 60 617.3 0.00
2021 09 01 15 53 3 253 8.45 58 617.3 0.00
2021 09 01 15 54 2 262 8.41 60 617.3 0.00
2021 09 01 15 55 2 180 8.48 60 617.3 0.00
2021 09 01 15 56 3 204 8.42 59 617.3 0.00
2021 09 01 15 57 4 194 8.47 58 617.3 0.00
2021 09 01 15 58 2 242 8.45 56 617.4 0.00
2021 09 01 15 59 4 219 8.46 58 617.3 0.00
2021 09 01 16 00 4 239 8.37 62 617.3 0.00
2021 09 01 16 01 3 243 8.22 67 617.3 0.00
2021 09 01 16 02 4 256 8.28 64 617.3 0.00
2021 09 01 16 03 3 247 8.25 64 617.3 0.00
2021 09 01 16 04 2 273 8.27 68 617.3 0.00
2021 09 01 16 05 1 229 8.33 71 617.3 0.00
2021 09 01 16 06 3 217 8.32 67 617.3 0.00
2021 09 01 16 07 3 195 8.24 67 617.3 0.00
2021 09 01 16 08 3 219 8.32 67 617.3 0.00
2021 09 01 16 09 4 246 8.40 66 617.3 0.00
2021 09 01 16 10 6 209 8.41 68 617.3 0.00
2021 09 01 16 11 4 195 8.34 69 617.3 0.00
2021 09 01 16 12 4 218 8.18 71 617.3 0.00
2021 09 01 16 13 4 206 8.07 73 617.3 0.00
2021 09 01 16 14 3 216 7.95 72 617.3 0.00
2021 09 01 16 15 2 165 7.83 72 617.4 0.00
2021 09 01 16 16 3 229 7.86 73 617.4 0.00
2021 09 01 16 17 3 253 7.84 72 617.3 0.00
2021 09 01 16 18 4 234 7.80 71 617.3 0.00
2021 09 01 16 19 5 228 7.85 72 617.3 0.00
2021 09 01 16 20 6 219 8.08 73 617.3 0.00
2021 09 01 16 21 6 153 8.24 73 617.3 0.00
2021 09 01 16 22 5 198 8.33 73 617.3 0.00
2021 09 01 16 23 5 146 8.40 72 617.3 0.00
2021 09 01 16 24 3 224 8.40 69 617.4 0.00
2021 09 01 16 25 3 233 8.37 69 617.4 0.00
2021 09 01 16 26 5 240 8.47 68 617.4 0.00
2021 09 01 16 27 5 199 8.50 64 617.3 0.00
2021 09 01 16 28 3 230 8.49 63 617.4 0.00
2021 09 01 16 29 2 222 8.69 63 617.4 0.00
2021 09 01 16 30 3 249 8.79 62 617.4 0.00
2021 09 01 16 31 3 240 8.92 58 617.4 0.00
2021 09 01 16 32 2 245 8.90 57 617.4 0.00
2021 09 01 16 33 3 246 8.89 60 617.4 0.00
2021 09 01 16 34 2 226 8.84 63 617.4 0.00
2021 09 01 16 35 4 220 8.82 67 617.4 0.00
2021 09 01 16 36 5 246 8.77 67 617.4 0.00
2021 09 01 16 37 5 261 8.80 66 617.4 0.00
2021 09 01 16 38 6 158 8.79 67 617.4 0.00
2021 09 01 16 39 7 227 8.83 66 617.3 0.00
2021 09 01 16 40 6 174 8.78 66 617.4 0.00
2021 09 01 16 41 7 232 8.75 68 617.3 0.00
2021 09 01 16 42 8 183 8.69 69 617.3 0.00
2021 09 01 16 43 7 208 8.66 68 617.3 0.00
2021 09 01 16 44 6 210 8.62 66 617.3 0.00
2021 09 01 16 45 4 201 8.50 66 617.3 0.00
2021 09 01 16 46 4 207 8.37 65 617.3 0.00
2021 09 01 16 47 6 212 8.36 65 617.3 0.00
2021 09 01 16 48 4 201 8.22 60 617.3 0.00
2021 09 01 16 49 4 204 8.16 65 617.3 0.00
2021 09 01 16 50 7 201 8.24 68 617.3 0.00
2021 09 01 16 51 4 208 8.44 69 617.3 0.00
2021 09 01 16 52 3 245 8.41 71 617.4 0.00
2021 09 01 16 53 7 188 8.40 71 617.3 0.00
2021 09 01 16 54 6 189 8.37 69 617.4 0.00
2021 09 01 16 55 5 207 8.42 69 617.4 0.00
2021 09 01 16 56 6 146 8.51 67 617.4 0.00
2021 09 01 16 57 7 178 8.56 69 617.3 0.00
2021 09 01 16 58 6 151 8.60 68 617.3 0.00
2021 09 01 16 59 5 197 8.58 69 617.4 0.00
2021 09 01 17 00 5 183 8.53 68 617.4 0.00
2021 09 01 17 01 6 233 8.45 69 617.4 0.00
2021 09 01 17 02 7 181 8.33 71 617.3 0.00
2021 09 01 17 03 7 186 8.28 68 617.3 0.00
2021 09 01 17 04 4 165 8.13 70 617.3 0.00
2021 09 01 17 05 4 211 8.00 70 617.3 0.00
2021 09 01 17 06 7 217 7.98 70 617.3 0.00
2021 09 01 17 07 7 198 7.96 72 617.3 0.00
2021 09 01 17 08 6 129 7.96 72 617.3 0.00
2021 09 01 17 09 6 199 8.04 70 617.3 0.00
2021 09 01 17 10 6 185 8.07 70 617.3 0.00
2021 09 01 17 11 6 133 7.99 73 617.3 0.00
2021 09 01 17 12 4 194 7.84 72 617.3 0.00
2021 09 01 17 13 6 193 7.82 74 617.3 0.00
2021 09 01 17 14 4 173 7.65 72 617.4 0.00
2021 09 01 17 15 5 209 7.49 73 617.4 0.00
2021 09 01 17 16 5 217 7.35 74 617.4 0.00
2021 09 01 17 17 4 214 7.20 76 617.4 0.00
2021 09 01 17 18 4 178 7.17 78 617.4 0.00
2021 09 01 17 19 4 170 7.14 76 617.4 0.00
2021 09 01 17 20 6 211 7.10 77 617.4 0.00
2021 09 01 17 21 4 184 6.94 79 617.4 0.00
2021 09 01 17 22 4 181 6.86 77 617.4 0.00
2021 09 01 17 23 5 183 6.89 74 617.4 0.00
2021 09 01 17 24 5 205 6.87 80 617.4 0.00
2021 09 01 17 25 6 199 6.87 82 617.4 0.00
2021 09 01 17 26 5 194 6.82 80 617.4 0.00
2021 09 01 17 27 5 197 6.72 80 617.5 0.00
2021 09 01 17 28 5 199 6.79 82 617.5 0.00
2021 09 01 17 29 6 219 6.88 80 617.5 0.00
2021 09 01 17 30 5 234 6.92 79 617.5 0.00
2021 09 01 17 31 6 221 6.87 80 617.5 0.00
2021 09 01 17 32 5 229 6.78 78 617.5 0.00
2021 09 01 17 33 4 204 6.62 76 617.5 0.00
2021 09 01 17 34 3 234 6.60 77 617.5 0.00
2021 09 01 17 35 4 218 6.61 78 617.5 0.00
2021 09 01 17 36 5 204 6.72 76 617.5 0.00
2021 09 01 17 37 5 220 6.80 76 617.5 0.00
2021 09 01 17 38 4 186 6.77 75 617.5 0.00
2021 09 01 17 39 4 197 6.91 66 617.5 0.00
2021 09 01 17 40 2 185 6.94 68 617.5 0.00
2021 09 01 17 41 5 152 7.18 63 617.5 0.00
2021 09 01 17 42 5 198 7.41 56 617.5 0.00
2021 09 01 17 43 2 234 7.47 60 617.6 0.00
2021 09 01 17 44 4 217 7.61 64 617.6 0.00
2021 09 01 17 45 3 208 7.83 60 617.6 0.00
2021 09 01 17 46 3 191 7.91 56 617.6 0.00
2021 09 01 17 47 0 247 7.85 62 617.6 0.00
2021 09 01 17 48 3 253 8.00 68 617.6 0.00
2021 09 01 17 49 4 250 8.07 67 617.6 0.00
2021 09 01 17 50 2 201 8.00 67 617.6 0.00
2021 09 01 17 51 4 220 8.08 66 617.6 0.00
2021 09 01 17 52 5 222 8.15 67 617.6 0.00
2021 09 01 17 53 4 222 8.02 69 617.6 0.00
2021 09 01 17 54 5 147 7.92 72 617.6 0.00
2021 09 01 17 55 5 160 7.83 71 617.6 0.00
2021 09 01 17 56 5 120 7.71 69 617.6 0.00
2021 09 01 17 57 4 130 7.56 69 617.6 0.00
2021 09 01 17 58 3 233 7.39 74 617.6 0.00
2021 09 01 17 59 3 189 7.16 77 617.6 0.00
2021 09 01 18 00 5 210 7.01 78 617.6 0.00
2021 09 01 18 01 5 231 6.86 79 617.6 0.00
2021 09 01 18 02 5 216 6.69 78 617.7 0.00
2021 09 01 18 03 4 228 6.54 79 617.7 0.00
2021 09 01 18 04 5 212 6.43 80 617.7 0.00
2021 09 01 18 05 4 150 6.35 80 617.7 0.00
2021 09 01 18 06 5 227 6.24 80 617.7 0.00
2021 09 01 18 07 6 209 6.11 81 617.7 0.00
2021 09 01 18 08 4 207 5.99 80 617.7 0.00
2021 09 01 18 09 4 214 5.93 81 617.7 0.00
2021 09 01 18 10 5 209 5.93 81 617.7 0.00
2021 09 01 18 11 5 209 5.93 80 617.7 0.00
2021 09 01 18 12 4 210 5.86 79 617.7 0.00
2021 09 01 18 13 3 211 5.76 78 617.7 0.00
2021 09 01 18 14 3 219 5.72 80 617.7 0.00
2021 09 01 18 15 3 195 5.73 80 617.7 0.00
2021 09 01 18 16 4 177 5.78 80 617.7 0.00
2021 09 01 18 17 4 209 5.75 79 617.7 0.00
2021 09 01 18 18 4 208 5.75 80 617.7 0.00
2021 09 01 18 19 5 202 5.81 79 617.7 0.00
2021 09 01 18 20 6 111 5.86 79 617.8 0.00
2021 09 01 18 21 4 184 5.84 81 617.8 0.00
2021 09 01 18 22 3 167 5.87 81 617.8 0.00
2021 09 01 18 23 2 200 5.89 78 617.8 0.00
2021 09 01 18 24 3 207 5.86 80 617.8 0.00
2021 09 01 18 25 4 212 5.81 81 617.9 0.00
2021 09 01 18 26 3 208 5.70 81 617.9 0.00
2021 09 01 18 27 4 216 5.65 81 617.9 0.00
2021 09 01 18 28 4 216 5.59 84 617.9 0.00
2021 09 01 18 29 5 208 5.55 83 617.9 0.00
2021 09 01 18 30 4 197 5.51 83 617.9 0.00
2021 09 01 18 31 4 214 5.41 84 617.9 0.00
2021 09 01 18 32 3 215 5.30 84 617.9 0.00
2021 09 01 18 33 5 197 5.23 85 617.9 0.00
2021 09 01 18 34 4 153 5.17 86 617.9 0.00
2021 09 01 18 35 4 204 5.13 86 617.9 0.00
2021 09 01 18 36 5 168 5.10 87 618.0 0.00
2021 09 01 18 37 6 209 5.08 87 618.0 0.00
2021 09 01 18 38 5 217 5.04 87 618.0 0.00
2021 09 01 18 39 3 159 4.95 89 618.0 0.00
2021 09 01 18 40 3 222 4.88 89 618.0 0.00
2021 09 01 18 41 4 221 4.83 86 618.0 0.00
2021 09 01 18 42 4 219 4.88 87 618.0 0.00
2021 09 01 18 43 5 201 4.83 86 618.0 0.00
2021 09 01 18 44 2 209 4.83 83 618.0 0.00
2021 09 01 18 45 1 221 4.85 86 618.1 0.00
2021 09 01 18 46 3 216 4.80 89 618.1 0.00
2021 09 01 18 47 4 201 4.77 84 618.1 0.00
2021 09 01 18 48 5 183 4.84 82 618.1 0.00
2021 09 01 18 49 4 209 4.87 82 618.1 0.00
2021 09 01 18 50 4 217 4.92 81 618.1 0.00
2021 09 01 18 51 3 193 4.92 83 618.1 0.00
2021 09 01 18 52 3 221 4.89 83 618.1 0.00
2021 09 01 18 53 4 205 4.88 83 618.1 0.00
2021 09 01 18 54 2 202 4.88 83 618.1 0.00
2021 09 01 18 55 3 207 4.86 82 618.1 0.00
2021 09 01 18 56 4 163 4.86 80 618.1 0.00
2021 09 01 18 57 4 221 4.87 81 618.1 0.00
2021 09 01 18 58 3 212 4.86 81 618.1 0.00
2021 09 01 18 59 4 204 4.88 76 618.1 0.00
2021 09 01 19 00 4 215 4.94 74 618.1 0.00
2021 09 01 19 01 5 214 4.98 73 618.2 0.00
2021 09 01 19 02 5 206 5.01 72 618.2 0.00
2021 09 01 19 03 5 194 5.04 70 618.2 0.00
2021 09 01 19 04 3 191 5.06 74 618.2 0.00
2021 09 01 19 05 2 229 5.04 76 618.2 0.00
2021 09 01 19 06 3 195 5.03 75 618.2 0.00
2021 09 01 19 07 3 227 5.02 78 618.2 0.00
2021 09 01 19 08 3 207 4.99 78 618.2 0.00
2021 09 01 19 09 4 222 4.98 77 618.2 0.00
2021 09 01 19 10 5 191 4.96 77 618.2 0.00
2021 09 01 19 11 6 175 4.95 76 618.2 0.00
2021 09 01 19 12 4 198 4.95 76 618.2 0.00
2021 09 01 19 13 4 187 4.95 77 618.2 0.00
2021 09 01 19 14 5 171 4.95 76 618.2 0.00
2021 09 01 19 15 5 189 4.94 78 618.2 0.00
2021 09 01 19 16 4 212 4.92 77 618.2 0.00
2021 09 01 19 17 4 225 4.91 74 618.2 0.00
2021 09 01 19 18 4 213 4.92 75 618.2 0.00
2021 09 01 19 19 3 215 4.92 76 618.3 0.00
2021 09 01 19 20 4 188 4.91 74 618.3 0.00
2021 09 01 19 21 6 208 4.92 72 618.3 0.00
2021 09 01 19 22 4 215 4.95 72 618.3 0.00
2021 09 01 19 23 3 176 4.96 75 618.3 0.00
2021 09 01 19 24 3 187 4.96 75 618.3 0.00
2021 09 01 19 25 3 208 4.97 74 618.3 0.00
2021 09 01 19 26 2 211 4.98 75 618.3 0.00
2021 09 01 19 27 3 203 4.99 74 618.3 0.00
2021 09 01 19 28 2 220 5.00 75 618.3 0.00
2021 09 01 19 29 4 215 5.00 76 618.4 0.00
2021 09 01 19 30 3 221 4.98 76 618.4 0.00
2021 09 01 19 31 5 211 4.97 77 618.3 0.00
2021 09 01 19 32 4 221 4.95 75 618.3 0.00
2021 09 01 19 33 4 218 4.95 74 618.4 0.00
2021 09 01 19 34 4 211 4.95 72 618.4 0.00
2021 09 01 19 35 4 204 4.95 75 618.4 0.00
2021 09 01 19 36 3 213 4.93 76 618.4 0.00
2021 09 01 19 37 2 218 4.92 76 618.4 0.00
2021 09 01 19 38 3 205 4.92 74 618.4 0.00
2021 09 01 19 39 3 208 4.92 75 618.4 0.00
2021 09 01 19 40 3 214 4.90 76 618.4 0.00
2021 09 01 19 41 2 144 4.89 75 618.4 0.00
2021 09 01 19 42 3 212 4.86 74 618.4 0.00
2021 09 01 19 43 3 187 4.86 71 618.4 0.00
2021 09 01 19 44 3 204 4.85 71 618.4 0.00
2021 09 01 19 45 2 213 4.83 68 618.4 0.00
2021 09 01 19 46 2 208 4.83 70 618.4 0.00
2021 09 01 19 47 2 214 4.83 71 618.4 0.00
2021 09 01 19 48 2 216 4.81 70 618.4 0.00
2021 09 01 19 49 2 220 4.80 69 618.5 0.00
2021 09 01 19 50 3 200 4.78 69 618.5 0.00
2021 09 01 19 51 3 155 4.77 71 618.5 0.00
2021 09 01 19 52 3 225 4.74 72 618.5 0.00
2021 09 01 19 53 3 193 4.72 71 618.5 0.00
2021 09 01 19 54 4 213 4.70 70 618.5 0.00
2021 09 01 19 55 3 216 4.68 69 618.5 0.00
2021 09 01 19 56 3 218 4.68 70 618.5 0.00
2021 09 01 19 57 2 210 4.68 73 618.5 0.00
2021 09 01 19 58 2 229 4.66 71 618.5 0.00
2021 09 01 19 59 3 214 4.65 71 618.5 0.00
2021 09 01 20 00 3 217 4.63 69 618.5 0.00
2021 09 01 20 01 2 195 4.63 71 618.5 0.00
2021 09 01 20 02 2 211 4.61 70 618.5 0.00
2021 09 01 20 03 2 218 4.61 70 618.5 0.00
2021 09 01 20 04 2 225 4.61 72 618.5 0.00
2021 09 01 20 05 2 223 4.60 73 618.5 0.00
2021 09 01 20 06 2 171 4.58 70 618.5 0.00
2021 09 01 20 07 3 216 4.58 66 618.5 0.00
2021 09 01 20 08 3 169 4.60 64 618.5 0.00
2021 09 01 20 09 3 211 4.64 66 618.6 0.00
2021 09 01 20 10 2 220 4.66 69 618.6 0.00
2021 09 01 20 11 2 152 4.68 70 618.6 0.00
2021 09 01 20 12 3 211 4.65 68 618.6 0.00
2021 09 01 20 13 4 215 4.66 68 618.6 0.00
2021 09 01 20 14 4 216 4.68 69 618.6 0.00
2021 09 01 20 15 3 156 4.67 69 618.6 0.00
2021 09 01 20 16 2 223 4.66 70 618.6 0.00
2021 09 01 20 17 3 206 4.66 69 618.6 0.00
2021 09 01 20 18 2 215 4.66 72 618.6 0.00
2021 09 01 20 19 2 188 4.65 71 618.6 0.00
2021 09 01 20 20 2 218 4.66 70 618.6 0.00
2021 09 01 20 21 2 197 4.67 72 618.6 0.00
2021 09 01 20 22 2 206 4.65 74 618.6 0.00
2021 09 01 20 23 2 210 4.62 74 618.6 0.00
2021 09 01 20 24 2 204 4.59 76 618.7 0.00
2021 09 01 20 25 2 200 4.55 76 618.7 0.00
2021 09 01 20 26 2 188 4.50 76 618.7 0.00
2021 09 01 20 27 2 187 4.48 76 618.7 0.00
2021 09 01 20 28 2 205 4.45 75 618.7 0.00
2021 09 01 20 29 2 197 4.43 76 618.7 0.00
2021 09 01 20 30 2 197 4.40 76 618.7 0.00
2021 09 01 20 31 2 202 4.38 76 618.7 0.00
2021 09 01 20 32 2 208 4.36 76 618.7 0.00
2021 09 01 20 33 1 199 4.34 75 618.7 0.00
2021 09 01 20 34 2 197 4.33 70 618.7 0.00
2021 09 01 20 35 2 197 4.34 71 618.8 0.00
2021 09 01 20 36 2 197 4.34 71 618.8 0.00
2021 09 01 20 37 2 201 4.34 72 618.8 0.00
2021 09 01 20 38 1 193 4.34 72 618.8 0.00
2021 09 01 20 39 1 202 4.34 71 618.8 0.00
2021 09 01 20 40 1 194 4.35 72 618.8 0.00
2021 09 01 20 41 1 190 4.34 71 618.8 0.00
2021 09 01 20 42 2 162 4.35 70 618.8 0.00
2021 09 01 20 43 2 204 4.35 70 618.8 0.00
2021 09 01 20 44 2 197 4.35 71 618.8 0.00
2021 09 01 20 45 2 191 4.35 71 618.8 0.00
2021 09 01 20 46 1 193 4.35 71 618.8 0.00
2021 09 01 20 47 0 195 4.37 72 618.9 0.00
2021 09 01 20 48 0 196 4.39 73 618.9 0.00
2021 09 01 20 49 0 193 4.40 72 618.9 0.00
2021 09 01 20 50 0 190 4.40 71 618.9 0.00
2021 09 01 20 51 0 183 4.40 71 618.9 0.00
2021 09 01 20 52 0 186 4.41 72 618.9 0.00
2021 09 01 20 53 0 182 4.43 73 618.9 0.00
2021 09 01 20 54 0 185 4.44 71 618.9 0.00
2021 09 01 20 55 0 188 4.44 71 618.9 0.00
2021 09 01 20 56 0 200 4.46 73 618.9 0.00
2021 09 01 20 57 0 191 4.47 73 618.9 0.00
2021 09 01 20 58 0 188 4.49 73 618.9 0.00
2021 09 01 20 59 0 193 4.51 74 618.9 0.00
2021 09 01 21 00 0 188 4.51 73 618.9 0.00
2021 09 01 21 01 0 187 4.52 73 619.0 0.00
2021 09 01 21 02 0 183 4.54 75 619.0 0.00
2021 09 01 21 03 0 188 4.57 75 619.0 0.00
2021 09 01 21 04 0 194 4.60 74 619.0 0.00
2021 09 01 21 05 0 194 4.63 73 619.0 0.00
2021 09 01 21 06 0 192 4.66 72 619.0 0.00
2021 09 01 21 07 0 182 4.68 71 619.0 0.00
2021 09 01 21 08 0 187 4.73 64 619.0 0.00
2021 09 01 21 09 0 200 4.78 70 619.0 0.00
2021 09 01 21 10 0 193 4.77 69 619.0 0.00
2021 09 01 21 11 0 198 4.75 69 619.0 0.00
2021 09 01 21 12 0 195 4.73 69 619.0 0.00
2021 09 01 21 13 0 203 4.71 69 619.0 0.00
2021 09 01 21 14 0 192 4.70 70 619.0 0.00
2021 09 01 21 15 0 191 4.68 70 619.0 0.00
2021 09 01 21 16 0 205 4.69 67 619.0 0.00
2021 09 01 21 17 0 214 4.73 64 619.0 0.00
2021 09 01 21 18 0 167 4.76 63 619.0 0.00
2021 09 01 21 19 0 199 4.81 64 619.0 0.00
2021 09 01 21 20 0 199 4.83 61 619.0 0.00
2021 09 01 21 21 0 162 4.87 57 619.0 0.00
2021 09 01 21 22 0 161 4.92 57 619.0 0.00
2021 09 01 21 23 0 161 4.93 57 619.0 0.00
2021 09 01 21 24 0 156 4.97 51 619.0 0.00
2021 09 01 21 25 0 132 5.02 51 619.0 0.00
2021 09 01 21 26 0 133 5.07 46 619.0 0.00
2021 09 01 21 27 0 127 5.12 51 619.0 0.00
2021 09 01 21 28 0 132 5.14 52 619.0 0.00
2021 09 01 21 29 0 132 5.15 53 619.0 0.00
2021 09 01 21 30 0 132 5.17 51 619.0 0.00
2021 09 01 21 31 0 132 5.19 48 619.0 0.00
2021 09 01 21 32 0 133 5.21 49 619.0 0.00
2021 09 01 21 33 0 140 5.26 44 619.0 0.00
2021 09 01 21 34 0 140 5.31 48 619.0 0.00
2021 09 01 21 35 0 140 5.34 50 619.0 0.00
2021 09 01 21 36 0 140 5.35 50 619.0 0.00
2021 09 01 21 37 0 140 5.35 49 619.0 0.00
2021 09 01 21 38 0 96 5.35 45 619.0 0.00
2021 09 01 21 39 0 95 5.36 40 619.0 0.00
2021 09 01 21 40 0 96 5.40 42 619.0 0.00
2021 09 01 21 41 0 111 5.42 38 619.0 0.00
2021 09 01 21 42 0 89 5.43 37 619.0 0.00
2021 09 01 21 43 0 87 5.42 39 619.0 0.00
2021 09 01 21 44 0 90 5.42 39 619.0 0.00
2021 09 01 21 45 0 99 5.41 38 619.0 0.00
2021 09 01 21 46 0 102 5.41 37 619.0 0.00
2021 09 01 21 47 0 143 5.40 38 619.0 0.00
2021 09 01 21 48 0 180 5.39 37 619.0 0.00
2021 09 01 21 49 0 179 5.40 38 619.0 0.00
2021 09 01 21 50 0 182 5.42 40 619.0 0.00
2021 09 01 21 51 0 180 5.45 41 619.0 0.00
2021 09 01 21 52 0 177 5.47 44 619.0 0.00
2021 09 01 21 53 0 178 5.46 52 619.0 0.00
2021 09 01 21 54 0 186 5.40 59 619.0 0.00
2021 09 01 21 55 0 187 5.30 62 619.0 0.00
2021 09 01 21 56 0 186 5.24 64 619.0 0.00
2021 09 01 21 57 0 185 5.19 59 619.0 0.00
2021 09 01 21 58 0 185 5.17 50 619.0 0.00
2021 09 01 21 59 0 184 5.19 47 619.0 0.00
2021 09 01 22 00 0 184 5.20 48 619.0 0.00
2021 09 01 22 01 0 184 5.22 49 619.0 0.00
2021 09 01 22 02 0 182 5.23 46 619.0 0.00
2021 09 01 22 03 0 169 5.24 42 619.0 0.00
2021 09 01 22 04 0 175 5.28 44 619.0 0.00
2021 09 01 22 05 0 176 5.32 46 619.0 0.00
2021 09 01 22 06 0 169 5.32 54 619.0 0.00
2021 09 01 22 07 0 174 5.30 56 619.0 0.00
2021 09 01 22 08 0 173 5.28 50 619.0 0.00
2021 09 01 22 09 0 173 5.29 50 619.0 0.00
2021 09 01 22 10 0 175 5.26 50 619.0 0.00
2021 09 01 22 11 0 175 5.24 45 619.0 0.00
2021 09 01 22 12 0 175 5.24 47 619.0 0.00
2021 09 01 22 13 0 175 5.23 48 619.0 0.00
2021 09 01 22 14 0 175 5.23 48 619.0 0.00
2021 09 01 22 15 0 175 5.24 47 619.0 0.00
2021 09 01 22 16 0 173 5.23 48 619.0 0.00
2021 09 01 22 17 0 174 5.20 50 619.0 0.00
2021 09 01 22 18 0 173 5.17 49 619.0 0.00
2021 09 01 22 19 0 159 5.13 48 619.0 0.00
2021 09 01 22 20 0 176 5.13 49 619.0 0.00
2021 09 01 22 21 0 191 5.13 48 619.0 0.00
2021 09 01 22 22 0 146 5.12 48 619.0 0.00
2021 09 01 22 23 0 194 5.11 47 619.0 0.00
2021 09 01 22 24 0 117 5.08 49 619.0 0.00
2021 09 01 22 25 0 209 5.08 48 619.0 0.00
2021 09 01 22 26 0 188 5.03 48 619.0 0.00
2021 09 01 22 27 0 172 5.05 42 619.0 0.00
2021 09 01 22 28 0 183 5.07 46 619.0 0.00
2021 09 01 22 29 0 183 5.07 40 619.0 0.00
2021 09 01 22 30 0 174 5.11 36 619.0 0.00
2021 09 01 22 31 0 147 5.14 33 619.0 0.00
2021 09 01 22 32 0 155 5.19 31 619.0 0.00
2021 09 01 22 33 0 151 5.26 27 619.0 0.00
2021 09 01 22 34 0 140 5.33 27 619.0 0.00
2021 09 01 22 35 0 105 5.38 26 619.0 0.00
2021 09 01 22 36 0 108 5.45 25 619.0 0.00
2021 09 01 22 37 0 103 5.49 27 619.0 0.00
2021 09 01 22 38 0 100 5.50 28 619.0 0.00
2021 09 01 22 39 0 89 5.48 31 619.0 0.00
2021 09 01 22 40 0 82 5.44 38 619.0 0.00
2021 09 01 22 41 0 82 5.38 40 619.0 0.00
2021 09 01 22 42 0 81 5.33 42 619.0 0.00
2021 09 01 22 43 0 82 5.29 44 619.0 0.00
2021 09 01 22 44 0 82 5.26 46 619.0 0.00
2021 09 01 22 45 0 82 5.24 46 619.0 0.00
2021 09 01 22 46 0 82 5.23 45 619.0 0.00
2021 09 01 22 47 0 83 5.22 42 619.0 0.00
2021 09 01 22 48 0 72 5.23 34 619.0 0.00
2021 09 01 22 49 0 88 5.27 36 619.0 0.00
2021 09 01 22 50 0 91 5.28 39 619.0 0.00
2021 09 01 22 51 0 102 5.29 39 619.0 0.00
2021 09 01 22 52 0 100 5.29 41 619.0 0.00
2021 09 01 22 53 0 100 5.29 42 619.0 0.00
2021 09 01 22 54 0 95 5.28 40 619.0 0.00
2021 09 01 22 55 0 101 5.27 41 619.0 0.00
2021 09 01 22 56 0 102 5.26 35 619.0 0.00
2021 09 01 22 57 0 102 5.29 33 619.0 0.00
2021 09 01 22 58 0 104 5.31 29 619.0 0.00
2021 09 01 22 59 0 103 5.34 23 619.0 0.00
2021 09 01 23 00 0 104 5.41 18 619.0 0.00
2021 09 01 23 01 0 75 5.49 17 619.0 0.00
2021 09 01 23 02 0 92 5.57 17 619.0 0.00
2021 09 01 23 03 0 91 5.62 16 619.0 0.00
2021 09 01 23 04 0 91 5.64 17 619.0 0.00
2021 09 01 23 05 0 57 5.64 17 619.0 0.00
2021 09 01 23 06 0 116 5.64 17 619.0 0.00
2021 09 01 23 07 0 106 5.63 19 619.0 0.00
2021 09 01 23 08 0 96 5.61 25 619.0 0.00
2021 09 01 23 09 0 86 5.54 29 619.0 0.00
2021 09 01 23 10 0 108 5.50 26 619.0 0.00
2021 09 01 23 11 0 106 5.48 25 619.0 0.00
2021 09 01 23 12 0 101 5.44 23 619.0 0.00
2021 09 01 23 13 0 82 5.43 24 619.0 0.00
2021 09 01 23 14 0 83 5.39 28 619.0 0.00
2021 09 01 23 15 0 93 5.33 28 619.0 0.00
2021 09 01 23 16 0 106 5.33 26 619.0 0.00
2021 09 01 23 17 0 116 5.33 27 618.9 0.00
2021 09 01 23 18 0 116 5.35 25 618.9 0.00
2021 09 01 23 19 0 115 5.36 23 618.9 0.00
2021 09 01 23 20 0 107 5.39 21 618.9 0.00
2021 09 01 23 21 0 99 5.43 21 618.9 0.00
2021 09 01 23 22 0 98 5.45 21 618.9 0.00
2021 09 01 23 23 0 99 5.47 22 618.9 0.00
2021 09 01 23 24 0 98 5.50 22 619.0 0.00
2021 09 01 23 25 0 94 5.50 22 618.9 0.00
2021 09 01 23 26 0 71 5.47 24 618.9 0.00
2021 09 01 23 27 0 75 5.43 26 618.9 0.00
2021 09 01 23 28 0 104 5.42 29 618.9 0.00
2021 09 01 23 29 0 105 5.39 31 618.9 0.00
2021 09 01 23 30 0 91 5.37 31 618.9 0.00
2021 09 01 23 31 0 81 5.35 31 618.9 0.00
2021 09 01 23 32 0 89 5.33 31 618.9 0.00
2021 09 01 23 33 0 89 5.29 35 618.9 0.00
2021 09 01 23 34 0 92 5.25 39 618.9 0.00
2021 09 01 23 35 0 100 5.20 39 618.9 0.00
2021 09 01 23 36 0 96 5.18 32 618.9 0.00
2021 09 01 23 37 0 96 5.20 26 618.9 0.00
2021 09 01 23 38 0 96 5.23 24 618.9 0.00
2021 09 01 23 39 0 58 5.27 23 618.9 0.00
2021 09 01 23 40 0 94 5.30 24 618.9 0.00
2021 09 01 23 41 0 92 5.33 25 618.9 0.00
2021 09 01 23 42 0 52 5.36 24 618.9 0.00
2021 09 01 23 43 0 76 5.39 23 618.9 0.00
2021 09 01 23 44 0 94 5.42 24 618.9 0.00
2021 09 01 23 45 0 94 5.43 25 618.9 0.00
2021 09 01 23 46 0 94 5.43 26 618.9 0.00
2021 09 01 23 47 0 94 5.44 25 618.9 0.00
2021 09 01 23 48 0 73 5.44 24 618.9 0.00
2021 09 01 23 49 0 89 5.46 20 618.8 0.00
2021 09 01 23 50 0 89 5.50 19 618.9 0.00
2021 09 01 23 51 0 89 5.54 19 618.9 0.00
2021 09 01 23 52 0 66 5.57 19 618.9 0.00
2021 09 01 23 53 0 89 5.57 18 618.9 0.00
2021 09 01 23 54 0 89 5.57 19 618.9 0.00
2021 09 01 23 55 0 89 5.57 18 618.9 0.00
2021 09 01 23 56 0 82 5.56 17 618.9 0.00
2021 09 01 23 57 0 89 5.54 16 618.9 0.00
2021 09 01 23 58 0 56 5.55 15 618.9 0.00
2021 09 01 23 59 0 92 5.57 15 618.8 0.00
2021 09 02 00 00 0 93 5.59 14 618.8 0.00
2021 09 02 00 01 0 89 5.61 14 618.8 0.00
2021 09 02 00 02 0 86 5.62 14 618.8 0.00
2021 09 02 00 03 0 84 5.60 15 618.8 0.00
2021 09 02 00 04 0 67 5.57 15 618.8 0.00
2021 09 02 00 05 0 85 5.54 15 618.8 0.00
2021 09 02 00 06 0 28 5.54 15 618.8 0.00
2021 09 02 00 07 0 86 5.55 15 618.8 0.00
2021 09 02 00 08 0 84 5.55 15 618.8 0.00
2021 09 02 00 09 0 86 5.56 15 618.8 0.00
2021 09 02 00 10 0 62 5.56 16 618.8 0.00
2021 09 02 00 11 0 74 5.57 16 618.8 0.00
2021 09 02 00 12 0 69 5.58 16 618.8 0.00
2021 09 02 00 13 0 83 5.54 16 618.8 0.00
2021 09 02 00 14 0 82 5.42 16 618.8 0.00
2021 09 02 00 15 0 65 5.30 16 618.8 0.00
2021 09 02 00 16 0 49 5.21 15 618.8 0.00
2021 09 02 00 17 0 51 5.14 15 618.8 0.00
2021 09 02 00 18 0 67 5.05 15 618.8 0.00
2021 09 02 00 19 0 70 4.95 15 618.8 0.00
2021 09 02 00 20 0 72 4.88 15 618.8 0.00
2021 09 02 00 21 0 74 4.81 16 618.8 0.00
2021 09 02 00 22 0 46 4.73 16 618.8 0.00
2021 09 02 00 23 0 59 4.68 16 618.8 0.00
2021 09 02 00 24 0 72 4.63 16 618.8 0.00
2021 09 02 00 25 0 73 4.62 16 618.8 0.00
2021 09 02 00 26 0 55 4.62 16 618.8 0.00
2021 09 02 00 27 0 74 4.65 15 618.8 0.00
2021 09 02 00 28 0 66 4.69 15 618.8 0.00
2021 09 02 00 29 0 31 4.71 15 618.8 0.00
2021 09 02 00 30 0 65 4.71 15 618.8 0.00
2021 09 02 00 31 0 71 4.69 16 618.8 0.00
2021 09 02 00 32 0 22 4.68 16 618.8 0.00
2021 09 02 00 33 0 23 4.67 16 618.8 0.00
2021 09 02 00 34 0 64 4.65 16 618.8 0.00
2021 09 02 00 35 0 63 4.63 16 618.8 0.00
2021 09 02 00 36 0 60 4.60 16 618.8 0.00
2021 09 02 00 37 0 59 4.59 16 618.7 0.00
2021 09 02 00 38 0 57 4.59 16 618.7 0.00
2021 09 02 00 39 0 55 4.56 16 618.8 0.00
2021 09 02 00 40 0 53 4.55 16 618.7 0.00
2021 09 02 00 41 0 53 4.55 16 618.7 0.00
2021 09 02 00 42 0 50 4.61 16 618.7 0.00
2021 09 02 00 43 0 50 4.71 16 618.7 0.00
2021 09 02 00 44 0 58 4.75 16 618.7 0.00
2021 09 02 00 45 0 53 4.78 16 618.7 0.00
2021 09 02 00 46 0 47 4.82 16 618.7 0.00
2021 09 02 00 47 0 53 4.85 17 618.7 0.00
2021 09 02 00 48 0 54 4.84 18 618.7 0.00
2021 09 02 00 49 0 47 4.86 18 618.7 0.00
2021 09 02 00 50 0 53 4.89 19 618.7 0.00
2021 09 02 00 51 0 37 4.92 19 618.7 0.00
2021 09 02 00 52 0 52 4.90 20 618.7 0.00
2021 09 02 00 53 0 55 4.85 20 618.7 0.00
2021 09 02 00 54 0 58 4.78 19 618.7 0.00
2021 09 02 00 55 0 41 4.75 19 618.6 0.00
2021 09 02 00 56 0 54 4.68 20 618.6 0.00
2021 09 02 00 57 0 50 4.63 19 618.6 0.00
2021 09 02 00 58 0 60 4.58 19 618.6 0.00
2021 09 02 00 59 0 60 4.52 19 618.6 0.00
2021 09 02 01 00 1 53 4.48 19 618.6 0.00
2021 09 02 01 01 1 60 4.40 19 618.6 0.00
2021 09 02 01 02 1 62 4.32 19 618.6 0.00
2021 09 02 01 03 0 55 4.20 20 618.6 0.00
2021 09 02 01 04 0 46 4.14 19 618.6 0.00
2021 09 02 01 05 1 48 4.18 18 618.6 0.00
2021 09 02 01 06 1 31 4.28 18 618.6 0.00
2021 09 02 01 07 1 46 4.28 19 618.6 0.00
2021 09 02 01 08 1 40 4.36 18 618.5 0.00
2021 09 02 01 09 2 52 4.42 18 618.5 0.00
2021 09 02 01 10 2 46 4.53 18 618.6 0.00
2021 09 02 01 11 2 44 4.60 18 618.5 0.00
2021 09 02 01 12 2 52 4.69 19 618.5 0.00
2021 09 02 01 13 1 40 4.72 19 618.5 0.00
2021 09 02 01 14 1 42 4.75 19 618.5 0.00
2021 09 02 01 15 1 51 4.80 19 618.5 0.00
2021 09 02 01 16 1 47 4.81 20 618.5 0.00
2021 09 02 01 17 1 54 4.81 20 618.5 0.00
2021 09 02 01 18 1 47 4.80 22 618.5 0.00
2021 09 02 01 19 1 28 4.83 22 618.5 0.00
2021 09 02 01 20 1 46 4.82 22 618.5 0.00
2021 09 02 01 21 1 47 4.75 22 618.5 0.00
2021 09 02 01 22 1 44 4.70 23 618.5 0.00
2021 09 02 01 23 1 43 4.70 23 618.5 0.00
2021 09 02 01 24 1 49 4.73 23 618.5 0.00
2021 09 02 01 25 1 36 4.70 24 618.5 0.00
2021 09 02 01 26 1 47 4.69 23 618.5 0.00
2021 09 02 01 27 1 37 4.68 24 618.5 0.00
2021 09 02 01 28 1 47 4.68 24 618.5 0.00
2021 09 02 01 29 1 38 4.68 24 618.5 0.00
2021 09 02 01 30 1 33 4.70 24 618.5 0.00
2021 09 02 01 31 2 35 4.70 23 618.5 0.00
2021 09 02 01 32 2 41 4.71 24 618.5 0.00
2021 09 02 01 33 2 48 4.70 24 618.5 0.00
2021 09 02 01 34 2 34 4.70 24 618.5 0.00
2021 09 02 01 35 2 45 4.71 24 618.5 0.00
2021 09 02 01 36 2 34 4.69 23 618.5 0.00
2021 09 02 01 37 2 38 4.67 23 618.5 0.00
2021 09 02 01 38 2 34 4.61 23 618.5 0.00
2021 09 02 01 39 2 32 4.62 24 618.5 0.00
2021 09 02 01 40 1 23 4.62 22 618.5 0.00
2021 09 02 01 41 1 29 4.60 23 618.5 0.00
2021 09 02 01 42 2 33 4.56 25 618.5 0.00
2021 09 02 01 43 2 30 4.52 26 618.5 0.00
2021 09 02 01 44 2 27 4.50 26 618.5 0.00
2021 09 02 01 45 2 29 4.45 26 618.5 0.00
2021 09 02 01 46 2 22 4.47 27 618.4 0.00
2021 09 02 01 47 2 29 4.44 27 618.4 0.00
2021 09 02 01 48 2 29 4.42 27 618.4 0.00
2021 09 02 01 49 2 32 4.41 26 618.4 0.00
2021 09 02 01 50 1 32 4.42 25 618.4 0.00
2021 09 02 01 51 1 45 4.46 22 618.4 0.00
2021 09 02 01 52 1 36 4.51 21 618.4 0.00
2021 09 02 01 53 2 31 4.56 22 618.4 0.00
2021 09 02 01 54 2 31 4.60 22 618.4 0.00
2021 09 02 01 55 1 40 4.62 23 618.4 0.00
2021 09 02 01 56 1 42 4.62 24 618.4 0.00
2021 09 02 01 57 2 28 4.64 25 618.4 0.00
2021 09 02 01 58 2 41 4.65 25 618.4 0.00
2021 09 02 01 59 2 45 4.61 27 618.4 0.00
2021 09 02 02 00 2 35 4.55 27 618.4 0.00
2021 09 02 02 01 2 27 4.50 28 618.3 0.00
2021 09 02 02 02 2 34 4.44 29 618.3 0.00
2021 09 02 02 03 2 32 4.39 30 618.3 0.00
2021 09 02 02 04 2 35 4.35 30 618.3 0.00
2021 09 02 02 05 2 33 4.31 31 618.3 0.00
2021 09 02 02 06 1 48 4.29 29 618.3 0.00
2021 09 02 02 07 2 31 4.25 28 618.3 0.00
2021 09 02 02 08 2 40 4.25 28 618.3 0.00
2021 09 02 02 09 1 28 4.25 28 618.3 0.00
2021 09 02 02 10 2 30 4.25 26 618.3 0.00
2021 09 02 02 11 1 33 4.26 26 618.3 0.00
2021 09 02 02 12 1 40 4.28 25 618.3 0.00
2021 09 02 02 13 1 30 4.29 24 618.3 0.00
2021 09 02 02 14 1 29 4.29 24 618.3 0.00
2021 09 02 02 15 1 37 4.28 25 618.3 0.00
2021 09 02 02 16 1 27 4.25 25 618.3 0.00
2021 09 02 02 17 1 20 4.24 26 618.3 0.00
2021 09 02 02 18 1 29 4.22 26 618.3 0.00
2021 09 02 02 19 1 29 4.23 26 618.2 0.00
2021 09 02 02 20 1 31 4.23 26 618.2 0.00
2021 09 02 02 21 1 30 4.23 26 618.2 0.00
2021 09 02 02 22 1 30 4.25 26 618.2 0.00
2021 09 02 02 23 1 29 4.25 26 618.2 0.00
2021 09 02 02 24 1 35 4.25 26 618.2 0.00
2021 09 02 02 25 2 28 4.25 26 618.2 0.00
2021 09 02 02 26 1 42 4.23 27 618.2 0.00
2021 09 02 02 27 1 28 4.25 26 618.2 0.00
2021 09 02 02 28 1 28 4.28 26 618.2 0.00
2021 09 02 02 29 0 28 4.30 27 618.2 0.00
2021 09 02 02 30 0 26 4.31 28 618.2 0.00
2021 09 02 02 31 0 26 4.31 27 618.2 0.00
2021 09 02 02 32 0 19 4.29 27 618.2 0.00
2021 09 02 02 33 0 23 4.31 27 618.2 0.00
2021 09 02 02 34 1 26 4.32 26 618.2 0.00
2021 09 02 02 35 1 31 4.36 21 618.1 0.00
2021 09 02 02 36 1 37 4.42 19 618.1 0.00
2021 09 02 02 37 1 31 4.49 17 618.1 0.00
2021 09 02 02 38 2 35 4.55 16 618.1 0.00
2021 09 02 02 39 2 28 4.60 16 618.1 0.00
2021 09 02 02 40 2 29 4.64 15 618.1 0.00
2021 09 02 02 41 2 35 4.66 17 618.1 0.00
2021 09 02 02 42 1 29 4.65 18 618.1 0.00
2021 09 02 02 43 1 26 4.63 20 618.1 0.00
2021 09 02 02 44 1 24 4.60 21 618.1 0.00
2021 09 02 02 45 1 23 4.57 22 618.1 0.00
2021 09 02 02 46 1 25 4.54 22 618.1 0.00
2021 09 02 02 47 1 30 4.52 22 618.1 0.00
2021 09 02 02 48 2 27 4.49 23 618.1 0.00
2021 09 02 02 49 2 34 4.44 24 618.1 0.00
2021 09 02 02 50 2 35 4.41 24 618.1 0.00
2021 09 02 02 51 2 27 4.38 23 618.1 0.00
2021 09 02 02 52 1 33 4.38 23 618.1 0.00
2021 09 02 02 53 1 36 4.38 22 618.1 0.00
2021 09 02 02 54 1 34 4.37 22 618.1 0.00
2021 09 02 02 55 2 28 4.35 23 618.1 0.00
2021 09 02 02 56 2 37 4.34 24 618.1 0.00
2021 09 02 02 57 2 30 4.31 24 618.1 0.00
2021 09 02 02 58 2 36 4.28 22 618.1 0.00
2021 09 02 02 59 2 33 4.28 21 618.1 0.00
2021 09 02 03 00 2 36 4.28 22 618.1 0.00
2021 09 02 03 01 2 33 4.26 26 618.1 0.00
2021 09 02 03 02 2 32 4.21 27 618.1 0.00
2021 09 02 03 03 2 41 4.15 28 618.1 0.00
2021 09 02 03 04 2 37 4.10 29 618.1 0.00
2021 09 02 03 05 2 38 4.05 30 618.0 0.00
2021 09 02 03 06 2 34 3.99 31 618.0 0.00
2021 09 02 03 07 2 35 3.95 31 618.0 0.00
2021 09 02 03 08 2 32 3.86 36 618.0 0.00
2021 09 02 03 09 2 10 3.82 37 618.0 0.00
2021 09 02 03 10 2 34 3.78 39 618.0 0.00
2021 09 02 03 11 2 42 3.73 35 618.0 0.00
2021 09 02 03 12 2 39 3.73 33 618.0 0.00
2021 09 02 03 13 2 34 3.76 32 618.0 0.00
2021 09 02 03 14 2 33 3.78 30 618.0 0.00
2021 09 02 03 15 3 29 3.78 30 618.0 0.00
2021 09 02 03 16 3 37 3.79 28 618.0 0.00
2021 09 02 03 17 3 18 3.78 28 618.0 0.00
2021 09 02 03 18 3 35 3.74 29 618.0 0.00
2021 09 02 03 19 3 28 3.71 30 618.0 0.00
2021 09 02 03 20 3 25 3.65 31 618.0 0.00
2021 09 02 03 21 3 36 3.59 32 618.0 0.00
2021 09 02 03 22 2 40 3.58 31 618.0 0.00
2021 09 02 03 23 2 34 3.59 30 618.0 0.00
2021 09 02 03 24 3 30 3.62 29 618.0 0.00
2021 09 02 03 25 3 27 3.64 29 618.0 0.00
2021 09 02 03 26 3 35 3.66 30 618.0 0.00
2021 09 02 03 27 3 34 3.69 30 618.0 0.00
2021 09 02 03 28 2 30 3.69 30 618.0 0.00
2021 09 02 03 29 2 27 3.68 29 618.0 0.00
2021 09 02 03 30 2 31 3.70 28 618.0 0.00
2021 09 02 03 31 1 35 3.74 28 618.0 0.00
2021 09 02 03 32 2 31 3.79 26 618.0 0.00
2021 09 02 03 33 2 30 3.85 20 618.0 0.00
2021 09 02 03 34 3 35 3.92 20 618.0 0.00
2021 09 02 03 35 2 30 3.95 23 618.0 0.00
2021 09 02 03 36 2 31 3.98 26 618.0 0.00
2021 09 02 03 37 3 29 3.98 27 618.0 0.00
2021 09 02 03 38 3 23 3.98 27 618.0 0.00
2021 09 02 03 39 2 28 3.97 27 618.0 0.00
2021 09 02 03 40 2 12 3.98 25 618.0 0.00
2021 09 02 03 41 2 28 4.01 22 618.0 0.00
2021 09 02 03 42 2 19 4.05 19 618.0 0.00
2021 09 02 03 43 2 22 4.10 17 618.0 0.00
2021 09 02 03 44 2 30 4.17 16 618.0 0.00
2021 09 02 03 45 2 25 4.23 16 618.0 0.00
2021 09 02 03 46 3 27 4.25 16 618.0 0.00
2021 09 02 03 47 2 28 4.31 16 618.0 0.00
2021 09 02 03 48 2 27 4.36 16 618.0 0.00
2021 09 02 03 49 3 27 4.40 16 618.0 0.00
2021 09 02 03 50 3 25 4.43 16 618.0 0.00
2021 09 02 03 51 3 23 4.44 16 618.0 0.00
2021 09 02 03 52 3 24 4.43 17 618.0 0.00
2021 09 02 03 53 3 24 4.41 18 618.0 0.00
2021 09 02 03 54 3 23 4.38 18 618.0 0.00
2021 09 02 03 55 3 22 4.37 17 618.0 0.00
2021 09 02 03 56 3 23 4.37 18 618.0 0.00
2021 09 02 03 57 3 22 4.31 19 618.0 0.00
2021 09 02 03 58 2 25 4.31 18 618.0 0.00
2021 09 02 03 59 2 23 4.31 17 618.0 0.00
2021 09 02 04 00 2 18 4.28 17 618.0 0.00
2021 09 02 04 01 3 16 4.19 18 618.0 0.00
2021 09 02 04 02 3 18 4.13 19 618.0 0.00
2021 09 02 04 03 2 16 4.07 21 618.0 0.00
2021 09 02 04 04 2 5 4.00 23 618.0 0.00
2021 09 02 04 05 1 3 3.99 24 618.0 0.00
2021 09 02 04 06 1 16 4.05 24 618.0 0.00
2021 09 02 04 07 1 13 4.06 25 618.0 0.00
2021 09 02 04 08 1 9 4.02 28 618.0 0.00
2021 09 02 04 09 1 6 4.01 27 618.0 0.00
2021 09 02 04 10 1 0 4.04 26 618.0 0.00
2021 09 02 04 11 1 8 4.07 25 618.0 0.00
2021 09 02 04 12 1 5 4.09 29 618.0 0.00
2021 09 02 04 13 2 17 4.05 30 618.0 0.00
2021 09 02 04 14 2 16 4.04 28 618.0 0.00
2021 09 02 04 15 2 9 4.04 26 618.0 0.00
2021 09 02 04 16 3 16 4.04 26 618.0 0.00
2021 09 02 04 17 2 0 4.06 24 618.0 0.00
2021 09 02 04 18 2 4 4.09 22 618.0 0.00
2021 09 02 04 19 2 22 4.12 24 618.0 0.00
2021 09 02 04 20 3 14 4.13 22 618.0 0.00
2021 09 02 04 21 2 11 4.13 24 618.0 0.00
2021 09 02 04 22 3 12 4.09 25 618.0 0.00
2021 09 02 04 23 2 13 3.99 23 618.0 0.00
2021 09 02 04 24 2 15 3.91 25 618.0 0.00
2021 09 02 04 25 3 15 3.80 26 618.0 0.00
2021 09 02 04 26 3 3 3.70 28 618.0 0.00
2021 09 02 04 27 3 6 3.68 29 618.0 0.00
2021 09 02 04 28 3 12 3.69 36 618.0 0.00
2021 09 02 04 29 3 19 3.63 35 618.0 0.00
2021 09 02 04 30 3 2 3.57 33 618.0 0.00
2021 09 02 04 31 3 14 3.56 33 618.0 0.00
2021 09 02 04 32 3 16 3.55 31 618.0 0.00
2021 09 02 04 33 3 16 3.56 31 618.0 0.00
2021 09 02 04 34 3 18 3.58 31 618.0 0.00
2021 09 02 04 35 4 18 3.58 32 618.0 0.00
2021 09 02 04 36 4 20 3.51 31 618.0 0.00
2021 09 02 04 37 3 20 3.43 32 618.0 0.00
2021 09 02 04 38 4 27 3.34 31 618.0 0.00
2021 09 02 04 39 3 17 3.30 32 618.0 0.00
2021 09 02 04 40 3 19 3.21 35 618.0 0.00
2021 09 02 04 41 3 16 3.12 36 618.0 0.00
2021 09 02 04 42 4 12 3.02 36 618.0 0.00
2021 09 02 04 43 3 12 2.96 32 618.0 0.00
2021 09 02 04 44 4 8 2.90 33 618.0 0.00
2021 09 02 04 45 3 22 2.84 36 618.0 0.00
2021 09 02 04 46 3 16 2.82 37 618.0 0.00
2021 09 02 04 47 4 13 2.77 41 618.0 0.00
2021 09 02 04 48 3 6 2.70 45 618.0 0.00
2021 09 02 04 49 3 13 2.66 47 618.0 0.00
2021 09 02 04 50 3 16 2.61 48 618.0 0.00
2021 09 02 04 51 3 7 2.55 48 618.0 0.00
2021 09 02 04 52 4 20 2.49 45 618.0 0.00
2021 09 02 04 53 4 19 2.42 45 618.0 0.00
2021 09 02 04 54 4 20 2.39 42 618.0 0.00
2021 09 02 04 55 4 22 2.40 41 618.0 0.00
2021 09 02 04 56 4 11 2.45 44 618.0 0.00
2021 09 02 04 57 4 20 2.47 46 618.0 0.00
2021 09 02 04 58 4 24 2.48 44 618.0 0.00
2021 09 02 04 59 4 25 2.54 41 618.0 0.00
2021 09 02 05 00 4 32 2.56 37 618.0 0.00
2021 09 02 05 01 3 28 2.61 43 618.0 0.00
2021 09 02 05 02 4 25 2.61 43 618.0 0.00
2021 09 02 05 03 4 23 2.58 41 618.0 0.00
2021 09 02 05 04 4 20 2.57 44 618.1 0.00
2021 09 02 05 05 4 22 2.53 45 618.1 0.00
2021 09 02 05 06 4 25 2.49 44 618.1 0.00
2021 09 02 05 07 4 14 2.46 43 618.1 0.00
2021 09 02 05 08 4 12 2.42 46 618.1 0.00
2021 09 02 05 09 4 22 2.39 46 618.1 0.00
2021 09 02 05 10 4 17 2.37 45 618.1 0.00
2021 09 02 05 11 4 27 2.39 42 618.1 0.00
2021 09 02 05 12 3 16 2.46 48 618.1 0.00
2021 09 02 05 13 3 15 2.46 47 618.1 0.00
2021 09 02 05 14 3 19 2.45 46 618.1 0.00
2021 09 02 05 15 5 15 2.41 46 618.1 0.00
2021 09 02 05 16 4 16 2.38 47 618.1 0.00
2021 09 02 05 17 4 21 2.34 46 618.1 0.00
2021 09 02 05 18 4 25 2.29 45 618.1 0.00
2021 09 02 05 19 5 24 2.24 44 618.1 0.00
2021 09 02 05 20 6 22 2.22 46 618.1 0.00
2021 09 02 05 21 5 19 2.17 46 618.1 0.00
2021 09 02 05 22 6 19 2.14 46 618.1 0.00
2021 09 02 05 23 5 19 2.13 49 618.1 0.00
2021 09 02 05 24 4 17 2.08 54 618.2 0.00
2021 09 02 05 25 4 17 2.02 57 618.2 0.00
2021 09 02 05 26 3 20 1.98 58 618.2 0.00
2021 09 02 05 27 4 14 1.94 58 618.2 0.00
2021 09 02 05 28 4 31 1.94 56 618.2 0.00
2021 09 02 05 29 4 17 1.94 52 618.2 0.00
2021 09 02 05 30 4 22 1.97 48 618.2 0.00
2021 09 02 05 31 5 19 1.95 52 618.2 0.00
2021 09 02 05 32 5 21 1.89 53 618.2 0.00
2021 09 02 05 33 5 16 1.89 47 618.2 0.00
2021 09 02 05 34 4 32 1.90 48 618.2 0.00
2021 09 02 05 35 5 17 1.99 42 618.3 0.00
2021 09 02 05 36 4 22 2.09 49 618.3 0.00
2021 09 02 05 37 4 26 2.09 44 618.3 0.00
2021 09 02 05 38 5 13 2.09 40 618.3 0.00
2021 09 02 05 39 5 20 2.10 44 618.3 0.00
2021 09 02 05 40 4 19 2.11 43 618.3 0.00
2021 09 02 05 41 4 14 2.17 46 618.3 0.00
2021 09 02 05 42 4 18 2.20 43 618.4 0.00
2021 09 02 05 43 4 22 2.22 42 618.4 0.00
2021 09 02 05 44 5 17 2.21 34 618.4 0.00
2021 09 02 05 45 6 15 2.19 31 618.4 0.00
2021 09 02 05 46 5 19 2.19 33 618.4 0.00
2021 09 02 05 47 5 9 2.19 36 618.4 0.00
2021 09 02 05 48 5 17 2.25 34 618.4 0.00
2021 09 02 05 49 4 19 2.36 35 618.4 0.00
2021 09 02 05 50 4 26 2.39 33 618.4 0.00
2021 09 02 05 51 6 24 2.45 30 618.4 0.00
2021 09 02 05 52 6 25 2.47 27 618.5 0.00
2021 09 02 05 53 6 16 2.49 30 618.5 0.00
2021 09 02 05 54 6 19 2.49 28 618.5 0.00
2021 09 02 05 55 5 18 2.55 29 618.5 0.00
2021 09 02 05 56 5 11 2.57 31 618.5 0.00
2021 09 02 05 57 4 10 2.54 37 618.5 0.00
2021 09 02 05 58 5 12 2.50 38 618.5 0.00
2021 09 02 05 59 4 14 2.44 37 618.5 0.00
2021 09 02 06 00 3 11 2.43 40 618.5 0.00
2021 09 02 06 01 3 21 2.39 46 618.5 0.00
2021 09 02 06 02 4 12 2.31 51 618.5 0.00
2021 09 02 06 03 3 10 2.21 55 618.5 0.00
2021 09 02 06 04 3 6 2.10 55 618.5 0.00
2021 09 02 06 05 3 0 2.09 56 618.5 0.00
2021 09 02 06 06 3 4 2.07 58 618.5 0.00
2021 09 02 06 07 3 19 2.02 55 618.5 0.00
2021 09 02 06 08 4 15 2.01 53 618.5 0.00
2021 09 02 06 09 4 4 2.01 51 618.5 0.00
2021 09 02 06 10 4 7 2.05 44 618.5 0.00
2021 09 02 06 11 5 15 2.11 36 618.5 0.00
2021 09 02 06 12 5 21 2.17 39 618.5 0.00
2021 09 02 06 13 5 20 2.23 43 618.6 0.00
2021 09 02 06 14 5 15 2.26 51 618.6 0.00
2021 09 02 06 15 5 27 2.23 52 618.6 0.00
2021 09 02 06 16 4 11 2.27 51 618.6 0.00
2021 09 02 06 17 4 17 2.35 46 618.6 0.00
2021 09 02 06 18 4 13 2.36 51 618.6 0.00
2021 09 02 06 19 4 15 2.36 54 618.6 0.00
2021 09 02 06 20 5 15 2.36 55 618.6 0.00
2021 09 02 06 21 5 11 2.36 54 618.6 0.00
2021 09 02 06 22 6 11 2.39 47 618.6 0.00
2021 09 02 06 23 4 13 2.44 49 618.6 0.00
2021 09 02 06 24 5 9 2.46 50 618.6 0.00
2021 09 02 06 25 7 13 2.56 36 618.6 0.00
2021 09 02 06 26 6 13 2.70 35 618.6 0.00
2021 09 02 06 27 5 25 2.80 44 618.6 0.00
2021 09 02 06 28 5 15 2.84 43 618.6 0.00
2021 09 02 06 29 5 10 2.92 44 618.6 0.00
2021 09 02 06 30 6 15 2.97 45 618.7 0.00
2021 09 02 06 31 6 12 3.02 39 618.6 0.00
2021 09 02 06 32 7 27 3.10 39 618.7 0.00
2021 09 02 06 33 9 28 3.19 33 618.7 0.00
2021 09 02 06 34 6 13 3.31 34 618.7 0.00
2021 09 02 06 35 7 14 3.36 38 618.7 0.00
2021 09 02 06 36 6 16 3.43 34 618.7 0.00
2021 09 02 06 37 10 23 3.54 29 618.7 0.00
2021 09 02 06 38 9 12 3.66 29 618.7 0.00
2021 09 02 06 39 10 17 3.77 29 618.7 0.00
2021 09 02 06 40 8 24 3.86 26 618.7 0.00
2021 09 02 06 41 8 16 3.95 29 618.7 0.00
2021 09 02 06 42 8 17 4.02 29 618.7 0.00
2021 09 02 06 43 8 22 4.07 33 618.7 0.00
2021 09 02 06 44 7 17 4.04 38 618.7 0.00
2021 09 02 06 45 8 32 4.04 34 618.7 0.00
2021 09 02 06 46 7 21 4.06 31 618.7 0.00
2021 09 02 06 47 8 16 4.12 31 618.8 0.00
2021 09 02 06 48 8 11 4.12 33 618.8 0.00
2021 09 02 06 49 8 32 4.11 34 618.8 0.00
2021 09 02 06 50 8 10 4.09 36 618.8 0.00
2021 09 02 06 51 7 15 4.09 30 618.9 0.00
2021 09 02 06 52 7 43 4.10 37 618.9 0.00
2021 09 02 06 53 6 30 4.11 42 618.9 0.00
2021 09 02 06 54 5 16 4.03 44 618.9 0.00
2021 09 02 06 55 7 6 3.98 38 618.9 0.00
2021 09 02 06 56 6 17 3.98 38 618.9 0.00
2021 09 02 06 57 6 8 3.93 50 618.9 0.00
2021 09 02 06 58 5 11 3.89 47 618.9 0.00
2021 09 02 06 59 6 0 3.83 55 618.9 0.00
2021 09 02 07 00 6 29 3.76 56 618.9 0.00
2021 09 02 07 01 7 74 3.75 46 618.9 0.00
2021 09 02 07 02 5 5 3.72 52 618.9 0.00
2021 09 02 07 03 6 16 3.67 59 618.9 0.00
2021 09 02 07 04 7 22 3.65 55 618.9 0.00
2021 09 02 07 05 8 17 3.75 37 618.9 0.00
2021 09 02 07 06 8 11 3.84 41 618.9 0.00
2021 09 02 07 07 7 26 3.92 46 618.9 0.00
2021 09 02 07 08 7 20 3.97 44 619.0 0.00
2021 09 02 07 09 8 15 4.10 39 619.0 0.00
2021 09 02 07 10 7 12 4.18 37 619.0 0.00
2021 09 02 07 11 8 26 4.28 38 619.0 0.00
2021 09 02 07 12 9 23 4.34 38 619.0 0.00
2021 09 02 07 13 7 12 4.38 43 619.0 0.00
2021 09 02 07 14 8 26 4.41 39 619.0 0.00
2021 09 02 07 15 8 9 4.51 38 619.0 0.00
2021 09 02 07 16 8 15 4.63 36 619.0 0.00
2021 09 02 07 17 9 14 4.73 36 619.0 0.00
2021 09 02 07 18 10 16 4.83 34 619.0 0.00
2021 09 02 07 19 8 17 4.90 38 619.0 0.00
2021 09 02 07 20 9 16 4.84 41 619.1 0.00
2021 09 02 07 21 8 14 4.81 47 619.1 0.00
2021 09 02 07 22 8 6 4.66 47 619.1 0.00
2021 09 02 07 23 6 14 4.56 46 619.1 0.00
2021 09 02 07 24 7 25 4.49 50 619.1 0.00
2021 09 02 07 25 7 30 4.45 51 619.1 0.00
2021 09 02 07 26 8 0 4.45 51 619.1 0.00
2021 09 02 07 27 7 17 4.41 54 619.1 0.00
2021 09 02 07 28 7 18 4.37 57 619.1 0.00
2021 09 02 07 29 8 42 4.32 55 619.1 0.00
2021 09 02 07 30 10 25 4.48 39 619.1 0.00
2021 09 02 07 31 10 20 4.66 38 619.1 0.00
2021 09 02 07 32 10 18 4.85 45 619.1 0.00
2021 09 02 07 33 12 11 5.14 28 619.1 0.00
2021 09 02 07 34 9 16 5.35 30 619.1 0.00
2021 09 02 07 35 8 9 5.39 37 619.1 0.00
2021 09 02 07 36 8 18 5.37 45 619.1 0.00
2021 09 02 07 37 8 20 5.36 40 619.1 0.00
2021 09 02 07 38 10 8 5.44 33 619.1 0.00
2021 09 02 07 39 11 14 5.65 27 619.1 0.00
2021 09 02 07 40 10 11 5.80 33 619.2 0.00
2021 09 02 07 41 9 7 5.80 39 619.2 0.00
2021 09 02 07 42 8 22 5.70 50 619.2 0.00
2021 09 02 07 43 8 0 5.61 48 619.2 0.00
2021 09 02 07 44 10 22 5.51 46 619.2 0.00
2021 09 02 07 45 12 11 5.62 33 619.2 0.00
2021 09 02 07 46 9 11 5.65 40 619.2 0.00
2021 09 02 07 47 8 15 5.58 49 619.2 0.00
2021 09 02 07 48 8 9 5.50 47 619.2 0.00
2021 09 02 07 49 10 18 5.42 39 619.2 0.00
2021 09 02 07 50 8 6 5.38 40 619.3 0.00
2021 09 02 07 51 9 21 5.35 43 619.3 0.00
2021 09 02 07 52 7 11 5.28 50 619.3 0.00
2021 09 02 07 53 7 7 5.19 52 619.3 0.00
2021 09 02 07 54 9 16 5.13 39 619.3 0.00
2021 09 02 07 55 9 7 5.20 37 619.3 0.00
2021 09 02 07 56 8 21 5.34 47 619.4 0.00
2021 09 02 07 57 6 17 5.37 53 619.4 0.00
2021 09 02 07 58 6 29 5.34 54 619.4 0.00
2021 09 02 07 59 6 20 5.25 56 619.4 0.00
2021 09 02 08 00 7 6 5.31 52 619.4 0.00
2021 09 02 08 01 8 16 5.36 50 619.4 0.00
2021 09 02 08 02 10 348 5.36 46 619.4 0.00
2021 09 02 08 03 9 16 5.38 43 619.4 0.00
2021 09 02 08 04 9 15 5.48 41 619.4 0.00
2021 09 02 08 05 9 13 5.59 44 619.4 0.00
2021 09 02 08 06 11 15 5.69 32 619.4 0.00
2021 09 02 08 07 9 21 5.72 44 619.4 0.00
2021 09 02 08 08 10 19 5.81 36 619.4 0.00
2021 09 02 08 09 9 13 5.74 40 619.4 0.00
2021 09 02 08 10 8 8 5.74 41 619.5 0.00
2021 09 02 08 11 7 10 5.62 44 619.5 0.00
2021 09 02 08 12 8 13 5.62 40 619.5 0.00
2021 09 02 08 13 8 9 5.63 41 619.5 0.00
2021 09 02 08 14 9 20 5.73 36 619.5 0.00
2021 09 02 08 15 8 62 5.77 36 619.5 0.00
2021 09 02 08 16 7 8 5.78 40 619.4 0.00
2021 09 02 08 17 10 26 5.96 34 619.4 0.00
2021 09 02 08 18 11 7 6.09 33 619.5 0.00
2021 09 02 08 19 11 28 6.29 26 619.5 0.00
2021 09 02 08 20 11 17 6.48 30 619.5 0.00
2021 09 02 08 21 11 18 6.68 25 619.5 0.00
2021 09 02 08 22 12 37 6.75 26 619.5 0.00
2021 09 02 08 23 12 17 6.87 28 619.5 0.00
2021 09 02 08 24 11 18 6.99 31 619.5 0.00
2021 09 02 08 25 11 16 7.04 30 619.5 0.00
2021 09 02 08 26 12 18 7.04 33 619.5 0.00
2021 09 02 08 27 13 14 7.12 32 619.5 0.00
2021 09 02 08 28 14 16 7.37 22 619.5 0.00
2021 09 02 08 29 13 20 7.49 24 619.5 0.00
2021 09 02 08 30 13 23 7.56 25 619.5 0.00
2021 09 02 08 31 13 23 7.56 27 619.5 0.00
2021 09 02 08 32 13 12 7.65 26 619.5 0.00
2021 09 02 08 33 13 11 7.83 27 619.5 0.00
2021 09 02 08 34 11 16 7.89 31 619.6 0.00
2021 09 02 08 35 14 26 8.01 24 619.6 0.00
2021 09 02 08 36 12 8 8.19 23 619.5 0.00
2021 09 02 08 37 13 20 8.24 21 619.5 0.00
2021 09 02 08 38 13 19 8.21 21 619.5 0.00
2021 09 02 08 39 10 17 8.17 25 619.6 0.00
2021 09 02 08 40 11 12 8.14 26 619.6 0.00
2021 09 02 08 41 12 24 8.22 22 619.6 0.00
2021 09 02 08 42 12 3 8.17 23 619.6 0.00
2021 09 02 08 43 10 347 8.04 28 619.6 0.00
2021 09 02 08 44 11 33 7.88 28 619.7 0.00
2021 09 02 08 45 10 7 7.75 27 619.7 0.00
2021 09 02 08 46 12 14 7.83 25 619.6 0.00
2021 09 02 08 47 9 5 7.84 26 619.7 0.00
2021 09 02 08 48 11 0 7.73 25 619.7 0.00
2021 09 02 08 49 10 17 7.74 22 619.7 0.00
2021 09 02 08 50 9 8 7.66 26 619.7 0.00
2021 09 02 08 51 9 21 7.65 28 619.7 0.00
2021 09 02 08 52 9 21 7.55 27 619.8 0.00
2021 09 02 08 53 10 8 7.37 28 619.8 0.00
2021 09 02 08 54 9 344 7.11 30 619.8 0.00
2021 09 02 08 55 10 335 6.99 28 619.8 0.00
2021 09 02 08 56 9 0 7.00 30 619.8 0.00
2021 09 02 08 57 8 16 6.99 27 619.8 0.00
2021 09 02 08 58 9 11 6.91 29 619.8 0.00
2021 09 02 08 59 9 15 6.82 26 619.8 0.00
2021 09 02 09 00 8 21 6.93 27 619.9 0.00
2021 09 02 09 01 9 0 7.00 27 619.8 0.00
2021 09 02 09 02 7 24 6.89 27 619.8 0.00
2021 09 02 09 03 8 20 6.73 27 619.9 0.00
2021 09 02 09 04 6 332 6.64 30 619.9 0.00
2021 09 02 09 05 8 7 6.50 35 619.9 0.00
2021 09 02 09 06 8 15 6.37 32 619.9 0.00
2021 09 02 09 07 6 18 6.29 30 619.8 0.00
2021 09 02 09 08 7 5 6.24 31 619.9 0.00
2021 09 02 09 09 6 5 6.21 31 619.9 0.00
2021 09 02 09 10 7 11 6.18 35 619.9 0.00
2021 09 02 09 11 6 28 6.09 34 619.9 0.00
2021 09 02 09 12 6 0 6.09 35 619.9 0.00
2021 09 02 09 13 7 19 6.06 34 619.9 0.00
2021 09 02 09 14 6 3 6.05 36 619.9 0.00
2021 09 02 09 15 8 300 5.99 39 619.9 0.00
2021 09 02 09 16 9 308 5.93 34 619.9 0.00
2021 09 02 09 17 7 29 5.95 36 619.9 0.00
2021 09 02 09 18 8 11 5.92 37 619.9 0.00
2021 09 02 09 19 7 341 5.94 37 619.9 0.00
2021 09 02 09 20 7 131 5.87 36 619.9 0.00
2021 09 02 09 21 6 32 5.95 34 619.9 0.00
2021 09 02 09 22 4 3 6.02 35 619.9 0.00
2021 09 02 09 23 5 22 6.06 36 619.9 0.00
2021 09 02 09 24 8 15 5.99 33 619.9 0.00
2021 09 02 09 25 6 48 6.00 31 619.9 0.00
2021 09 02 09 26 5 39 6.07 31 619.9 0.00
2021 09 02 09 27 4 78 6.07 33 620.0 0.00
2021 09 02 09 28 4 17 6.12 31 620.0 0.00
2021 09 02 09 29 7 41 6.18 29 620.0 0.00
2021 09 02 09 30 7 6 6.18 28 620.0 0.00
2021 09 02 09 31 7 329 6.20 28 620.0 0.00
2021 09 02 09 32 7 44 6.12 35 620.0 0.00
2021 09 02 09 33 6 5 6.02 33 619.9 0.00
2021 09 02 09 34 7 19 6.05 33 620.0 0.00
2021 09 02 09 35 7 26 6.08 34 620.0 0.00
2021 09 02 09 36 8 335 6.16 32 620.0 0.00
2021 09 02 09 37 8 33 6.25 30 620.0 0.00
2021 09 02 09 38 9 42 6.60 30 620.0 0.00
2021 09 02 09 39 6 93 6.68 33 620.0 0.00
2021 09 02 09 40 7 45 6.69 34 620.0 0.00
2021 09 02 09 41 7 99 6.81 35 620.0 0.00
2021 09 02 09 42 7 20 6.79 34 620.0 0.00
2021 09 02 09 43 6 27 6.79 32 620.0 0.00
2021 09 02 09 44 9 216 6.88 31 620.0 0.00
2021 09 02 09 45 8 21 6.94 29 620.0 0.00
2021 09 02 09 46 8 20 7.16 28 620.0 0.00
2021 09 02 09 47 9 21 7.22 23 620.0 0.00
2021 09 02 09 48 8 40 7.32 28 620.1 0.00
2021 09 02 09 49 7 279 7.32 27 620.0 0.00
2021 09 02 09 50 7 313 7.22 29 620.1 0.00
2021 09 02 09 51 8 21 7.26 27 620.1 0.00
2021 09 02 09 52 6 21 7.18 24 620.1 0.00
2021 09 02 09 53 6 40 7.16 24 620.1 0.00
2021 09 02 09 54 10 17 7.15 22 620.1 0.00
2021 09 02 09 55 7 294 7.10 19 620.1 0.00
2021 09 02 09 56 6 9 6.96 20 620.1 0.00
2021 09 02 09 57 8 10 7.08 21 620.1 0.00
2021 09 02 09 58 5 15 7.16 21 620.1 0.00
2021 09 02 09 59 7 46 7.16 21 620.1 0.00
2021 09 02 10 00 5 31 7.18 23 620.1 0.00
2021 09 02 10 01 9 22 7.39 22 620.1 0.00
2021 09 02 10 02 9 62 7.52 19 620.0 0.00
2021 09 02 10 03 9 11 7.59 20 620.0 0.00
2021 09 02 10 04 11 8 7.78 20 620.1 0.00
2021 09 02 10 05 10 32 7.83 20 620.1 0.00
2021 09 02 10 06 13 33 8.02 18 620.1 0.00
2021 09 02 10 07 11 21 8.06 17 620.1 0.00
2021 09 02 10 08 10 19 8.25 16 620.1 0.00
2021 09 02 10 09 13 29 8.33 15 620.1 0.00
2021 09 02 10 10 13 22 8.34 14 620.1 0.00
2021 09 02 10 11 13 25 8.37 13 620.0 0.00
2021 09 02 10 12 13 21 8.51 12 620.0 0.00
2021 09 02 10 13 13 17 8.46 11 620.0 0.00
2021 09 02 10 14 14 7 8.34 11 620.0 0.00
2021 09 02 10 15 12 28 8.32 11 620.0 0.00
2021 09 02 10 16 12 11 8.40 12 620.0 0.00
2021 09 02 10 17 13 10 8.30 12 620.0 0.00
2021 09 02 10 18 15 19 8.32 12 620.0 0.00
2021 09 02 10 19 15 15 8.36 12 620.0 0.00
2021 09 02 10 20 12 27 8.33 12 620.0 0.00
2021 09 02 10 21 10 40 8.24 12 620.1 0.00
2021 09 02 10 22 12 23 8.28 12 620.1 0.00
2021 09 02 10 23 15 22 8.53 13 620.1 0.00
2021 09 02 10 24 15 14 8.73 14 620.1 0.00
2021 09 02 10 25 14 19 8.78 13 620.1 0.00
2021 09 02 10 26 15 11 8.91 14 620.1 0.00
2021 09 02 10 27 15 24 8.97 13 620.1 0.00
2021 09 02 10 28 15 20 9.02 13 620.1 0.00
2021 09 02 10 29 13 22 9.00 13 620.0 0.00
2021 09 02 10 30 16 22 8.93 13 620.0 0.00
2021 09 02 10 31 15 27 8.89 13 620.1 0.00
2021 09 02 10 32 15 17 8.93 13 620.1 0.00
2021 09 02 10 33 14 9 8.99 13 620.1 0.00
2021 09 02 10 34 12 35 8.90 13 620.1 0.00
2021 09 02 10 35 15 27 8.96 12 620.1 0.00
2021 09 02 10 36 15 21 8.97 12 620.1 0.00
2021 09 02 10 37 14 25 9.00 12 620.1 0.00
2021 09 02 10 38 13 15 9.08 13 620.1 0.00
2021 09 02 10 39 15 25 9.24 12 620.1 0.00
2021 09 02 10 40 14 13 9.25 12 620.0 0.00
2021 09 02 10 41 14 15 9.34 13 620.1 0.00
2021 09 02 10 42 15 21 9.57 12 620.1 0.00
2021 09 02 10 43 13 25 9.56 13 620.1 0.00
2021 09 02 10 44 14 16 9.64 13 620.1 0.00
2021 09 02 10 45 15 30 9.65 13 620.1 0.00
2021 09 02 10 46 14 32 9.75 13 620.1 0.00
2021 09 02 10 47 17 22 10.06 12 620.1 0.00
2021 09 02 10 48 16 24 10.11 11 620.1 0.00
2021 09 02 10 49 15 35 10.03 11 620.1 0.00
2021 09 02 10 50 15 29 10.20 12 620.1 0.00
2021 09 02 10 51 17 34 10.34 10 620.0 0.00
2021 09 02 10 52 17 30 10.34 10 620.0 0.00
2021 09 02 10 53 16 26 10.23 10 620.0 0.00
2021 09 02 10 54 15 18 10.08 10 620.0 0.00
2021 09 02 10 55 15 37 9.95 9 620.0 0.00
2021 09 02 10 56 15 37 9.87 9 620.0 0.00
2021 09 02 10 57 15 23 9.65 10 620.0 0.00
2021 09 02 10 58 16 25 9.62 10 620.1 0.00
2021 09 02 10 59 18 30 9.81 10 620.1 0.00
2021 09 02 11 00 15 21 9.85 9 620.1 0.00
2021 09 02 11 01 18 26 9.94 9 620.1 0.00
2021 09 02 11 02 17 25 10.10 9 620.1 0.00
2021 09 02 11 03 17 29 10.17 9 620.1 0.00
2021 09 02 11 04 17 20 10.23 9 620.1 0.00
2021 09 02 11 05 17 43 10.22 10 620.1 0.00
2021 09 02 11 06 17 18 10.17 10 620.1 0.00
2021 09 02 11 07 15 14 10.13 10 620.1 0.00
2021 09 02 11 08 13 22 10.00 10 620.1 0.00
2021 09 02 11 09 15 33 9.97 10 620.1 0.00
2021 09 02 11 10 16 32 9.87 10 620.0 0.00
2021 09 02 11 11 16 28 9.78 10 620.0 0.00
2021 09 02 11 12 15 38 9.70 10 620.0 0.00
2021 09 02 11 13 17 25 9.71 10 619.9 0.00
2021 09 02 11 14 14 40 9.74 10 620.0 0.00
2021 09 02 11 15 16 34 9.79 11 620.0 0.00
2021 09 02 11 16 16 37 9.79 10 620.0 0.00
2021 09 02 11 17 15 29 9.67 10 620.0 0.00
2021 09 02 11 18 15 37 9.71 10 620.0 0.00
2021 09 02 11 19 16 31 9.58 10 620.0 0.00
2021 09 02 11 20 15 37 9.55 9 619.9 0.00
2021 09 02 11 21 16 39 9.41 10 619.9 0.00
2021 09 02 11 22 16 39 9.20 11 619.9 0.00
2021 09 02 11 23 16 27 9.24 10 619.9 0.00
2021 09 02 11 24 17 10 9.32 9 619.9 0.00
2021 09 02 11 25 16 24 9.35 11 619.9 0.00
2021 09 02 11 26 16 47 9.41 10 619.9 0.00
2021 09 02 11 27 16 27 9.36 8 619.9 0.00
2021 09 02 11 28 15 22 9.27 9 619.9 0.00
2021 09 02 11 29 16 30 9.34 10 620.0 0.00
2021 09 02 11 30 14 47 9.43 10 619.9 0.00
2021 09 02 11 31 16 21 9.52 10 619.9 0.00
2021 09 02 11 32 16 28 9.64 9 619.9 0.00
2021 09 02 11 33 15 27 9.64 10 619.9 0.00
2021 09 02 11 34 17 39 9.59 9 619.9 0.00
2021 09 02 11 35 18 23 9.64 10 619.8 0.00
2021 09 02 11 36 13 19 9.55 12 619.9 0.00
2021 09 02 11 37 17 38 9.65 10 619.9 0.00
2021 09 02 11 38 15 27 9.65 7 619.9 0.00
2021 09 02 11 39 15 39 9.62 9 619.9 0.00
2021 09 02 11 40 17 31 9.56 10 619.8 0.00
2021 09 02 11 41 16 35 9.54 10 619.8 0.00
2021 09 02 11 42 14 16 9.51 10 619.9 0.00
2021 09 02 11 43 17 25 9.77 11 619.9 0.00
2021 09 02 11 44 19 8 10.08 9 619.7 0.00
2021 09 02 11 45 17 27 10.04 10 619.8 0.00
2021 09 02 11 46 16 28 10.04 8 619.9 0.00
2021 09 02 11 47 16 24 10.10 8 619.9 0.00
2021 09 02 11 48 14 35 10.10 10 619.9 0.00
2021 09 02 11 49 18 15 10.24 9 619.8 0.00
2021 09 02 11 50 18 35 10.40 8 619.9 0.00
2021 09 02 11 51 16 35 10.33 7 620.0 0.00
2021 09 02 11 52 15 30 10.17 9 619.9 0.00
2021 09 02 11 53 18 13 10.30 9 619.9 0.00
2021 09 02 11 54 16 19 10.43 9 619.9 0.00
2021 09 02 11 55 17 22 10.49 9 619.9 0.00
2021 09 02 11 56 17 21 10.52 9 619.9 0.00
2021 09 02 11 57 18 26 10.63 10 619.9 0.00
2021 09 02 11 58 18 29 10.73 9 619.9 0.00
2021 09 02 11 59 17 30 10.84 9 619.9 0.00
2021 09 02 12 00 17 36 10.81 9 619.8 0.00
2021 09 02 12 01 18 30 10.82 9 619.8 0.00
2021 09 02 12 02 17 36 10.91 9 619.9 0.00
2021 09 02 12 03 18 32 10.97 9 619.9 0.00
2021 09 02 12 04 18 17 11.03 9 619.9 0.00
2021 09 02 12 05 15 32 10.83 9 619.9 0.00
2021 09 02 12 06 16 30 10.76 9 619.8 0.00
2021 09 02 12 07 19 31 10.75 9 619.8 0.00
2021 09 02 12 08 15 26 10.71 9 619.9 0.00
2021 09 02 12 09 17 18 10.80 10 619.8 0.00
2021 09 02 12 10 17 20 10.96 10 619.8 0.00
2021 09 02 12 11 17 21 11.07 9 619.8 0.00
2021 09 02 12 12 19 28 11.13 8 619.8 0.00
2021 09 02 12 13 18 29 11.15 9 619.8 0.00
2021 09 02 12 14 20 27 11.30 9 619.8 0.00
2021 09 02 12 15 18 33 11.30 9 619.8 0.00
2021 09 02 12 16 17 19 11.17 9 619.8 0.00
2021 09 02 12 17 21 36 11.38 8 619.7 0.00
2021 09 02 12 18 18 16 11.20 7 619.7 0.00
2021 09 02 12 19 18 40 11.03 7 619.8 0.00
2021 09 02 12 20 19 42 10.94 8 619.7 0.00
2021 09 02 12 21 18 39 10.89 8 619.8 0.00
2021 09 02 12 22 19 37 10.87 8 619.7 0.00
2021 09 02 12 23 19 16 10.86 8 619.7 0.00
2021 09 02 12 24 19 17 10.96 8 619.7 0.00
2021 09 02 12 25 21 36 11.08 8 619.7 0.00
2021 09 02 12 26 20 33 11.02 7 619.8 0.00
2021 09 02 12 27 19 37 10.87 7 619.8 0.00
2021 09 02 12 28 19 37 10.68 7 619.7 0.00
2021 09 02 12 29 18 42 10.58 6 619.7 0.00
2021 09 02 12 30 20 28 10.67 7 619.7 0.00
2021 09 02 12 31 20 35 10.69 7 619.6 0.00
2021 09 02 12 32 19 38 10.61 7 619.7 0.00
2021 09 02 12 33 20 43 10.54 8 619.7 0.00
2021 09 02 12 34 17 38 10.33 9 619.7 0.00
2021 09 02 12 35 18 54 10.19 7 619.7 0.00
2021 09 02 12 36 20 45 10.19 7 619.7 0.00
2021 09 02 12 37 19 42 10.11 7 619.7 0.00
2021 09 02 12 38 16 50 9.95 8 619.6 0.00
2021 09 02 12 39 18 45 9.89 8 619.6 0.00
2021 09 02 12 40 17 34 9.72 8 619.6 0.00
2021 09 02 12 41 19 42 9.69 7 619.6 0.00
2021 09 02 12 42 16 44 9.73 8 619.6 0.00
2021 09 02 12 43 20 28 9.72 7 619.6 0.00
2021 09 02 12 44 21 31 9.80 8 619.6 0.00
2021 09 02 12 45 21 37 9.94 7 619.7 0.00
2021 09 02 12 46 19 21 9.94 7 619.6 0.00
2021 09 02 12 47 18 32 9.85 7 619.6 0.00
2021 09 02 12 48 17 29 9.68 7 619.6 0.00
2021 09 02 12 49 18 30 9.63 8 619.5 0.00
2021 09 02 12 50 17 26 9.57 8 619.6 0.00
2021 09 02 12 51 16 23 9.51 8 619.5 0.00
2021 09 02 12 52 19 29 9.56 9 619.6 0.00
2021 09 02 12 53 18 29 9.63 10 619.6 0.00
2021 09 02 12 54 17 38 9.66 8 619.6 0.00
2021 09 02 12 55 20 38 9.76 9 619.6 0.00
2021 09 02 12 56 21 30 9.77 8 619.5 0.00
2021 09 02 12 57 21 25 9.86 8 619.6 0.00
2021 09 02 12 58 18 32 9.79 9 619.5 0.00
2021 09 02 12 59 18 44 9.65 9 619.5 0.00
2021 09 02 13 00 18 31 9.57 10 619.6 0.00
2021 09 02 13 01 16 25 9.54 13 619.7 0.00
2021 09 02 13 02 20 31 9.52 15 619.6 0.00
2021 09 02 13 03 18 31 9.49 8 619.5 0.00
2021 09 02 13 04 16 41 9.39 8 619.6 0.00
2021 09 02 13 05 17 49 9.46 13 619.5 0.00
2021 09 02 13 06 20 62 9.42 14 619.4 0.00
2021 09 02 13 07 19 44 9.39 12 619.4 0.00
2021 09 02 13 08 19 28 9.40 10 619.4 0.00
2021 09 02 13 09 20 39 9.30 10 619.4 0.00
2021 09 02 13 10 20 17 9.23 11 619.4 0.00
2021 09 02 13 11 17 32 9.14 12 619.5 0.00
2021 09 02 13 12 24 45 9.26 9 619.5 0.00
2021 09 02 13 13 16 31 9.19 10 619.5 0.00
2021 09 02 13 14 22 31 9.46 9 619.5 0.00
2021 09 02 13 15 23 41 9.73 9 619.4 0.00
2021 09 02 13 16 19 38 9.69 10 619.4 0.00
2021 09 02 13 17 21 30 9.58 10 619.4 0.00
2021 09 02 13 18 16 32 9.46 9 619.5 0.00
2021 09 02 13 19 20 36 9.43 10 619.4 0.00
2021 09 02 13 20 25 28 9.69 9 619.4 0.00
2021 09 02 13 21 24 31 9.94 8 619.5 0.00
2021 09 02 13 22 23 38 9.92 9 619.5 0.00
2021 09 02 13 23 18 22 9.87 10 619.5 0.00
2021 09 02 13 24 18 38 9.83 9 619.5 0.00
2021 09 02 13 25 17 37 9.74 8 619.5 0.00
2021 09 02 13 26 20 34 9.67 9 619.4 0.00
2021 09 02 13 27 16 41 9.60 9 619.4 0.00
2021 09 02 13 28 18 48 9.52 12 619.4 0.00
2021 09 02 13 29 22 13 9.61 9 619.4 0.00
2021 09 02 13 30 21 32 9.65 11 619.4 0.00
2021 09 02 13 31 19 32 9.55 14 619.4 0.00
2021 09 02 13 32 19 32 9.57 12 619.4 0.00
2021 09 02 13 33 23 21 9.79 10 619.4 0.00
2021 09 02 13 34 19 40 9.87 11 619.4 0.00
2021 09 02 13 35 20 35 9.92 13 619.4 0.00
2021 09 02 13 36 18 31 9.81 14 619.5 0.00
2021 09 02 13 37 18 16 9.71 14 619.4 0.00
2021 09 02 13 38 17 31 9.61 21 619.5 0.00
2021 09 02 13 39 20 37 9.64 11 619.4 0.00
2021 09 02 13 40 22 42 9.67 9 619.4 0.00
2021 09 02 13 41 18 33 9.58 10 619.4 0.00
2021 09 02 13 42 20 41 9.61 12 619.4 0.00
2021 09 02 13 43 18 39 9.51 10 619.3 0.00
2021 09 02 13 44 17 40 9.44 12 619.3 0.00
2021 09 02 13 45 18 24 9.43 14 619.3 0.00
2021 09 02 13 46 20 43 9.59 9 619.4 0.00
2021 09 02 13 47 23 31 9.72 10 619.4 0.00
2021 09 02 13 48 19 38 9.81 11 619.4 0.00
2021 09 02 13 49 18 39 9.84 14 619.4 0.00
2021 09 02 13 50 17 22 9.71 17 619.4 0.00
2021 09 02 13 51 16 46 9.75 17 619.5 0.00
2021 09 02 13 52 19 26 9.74 19 619.3 0.00
2021 09 02 13 53 19 34 9.80 13 619.3 0.00
2021 09 02 13 54 17 35 9.71 9 619.4 0.00
2021 09 02 13 55 21 30 9.64 9 619.4 0.00
2021 09 02 13 56 20 45 9.55 12 619.4 0.00
2021 09 02 13 57 18 23 9.48 12 619.4 0.00
2021 09 02 13 58 20 50 9.51 11 619.2 0.00
2021 09 02 13 59 17 35 9.32 11 619.2 0.00
2021 09 02 14 00 19 40 9.35 11 619.2 0.00
2021 09 02 14 01 21 42 9.33 9 619.2 0.00
2021 09 02 14 02 18 42 9.26 10 619.2 0.00
2021 09 02 14 03 16 44 9.10 11 619.2 0.00
2021 09 02 14 04 19 46 9.01 9 619.1 0.00
2021 09 02 14 05 19 40 8.94 8 619.1 0.00
2021 09 02 14 06 20 23 8.91 8 619.1 0.00
2021 09 02 14 07 21 28 8.97 8 619.1 0.00
2021 09 02 14 08 20 26 8.97 8 619.2 0.00
2021 09 02 14 09 16 32 8.87 9 619.2 0.00
2021 09 02 14 10 21 21 8.85 9 619.3 0.00
2021 09 02 14 11 17 25 8.87 7 619.3 0.00
2021 09 02 14 12 19 31 8.95 9 619.3 0.00
2021 09 02 14 13 19 55 8.96 8 619.1 0.00
2021 09 02 14 14 16 40 8.88 9 619.2 0.00
2021 09 02 14 15 17 43 8.94 10 619.2 0.00
2021 09 02 14 16 18 19 9.01 10 619.2 0.00
2021 09 02 14 17 20 36 9.05 9 619.2 0.00
2021 09 02 14 18 22 37 9.20 8 619.1 0.00
2021 09 02 14 19 18 33 9.20 9 619.2 0.00
2021 09 02 14 20 20 39 9.34 8 619.2 0.00
2021 09 02 14 21 18 24 9.27 7 619.2 0.00
2021 09 02 14 22 19 46 9.28 7 619.2 0.00
2021 09 02 14 23 18 20 9.29 7 619.2 0.00
2021 09 02 14 24 19 42 9.38 6 619.1 0.00
2021 09 02 14 25 20 37 9.35 6 619.1 0.00
2021 09 02 14 26 21 31 9.33 6 619.2 0.00
2021 09 02 14 27 20 34 9.44 6 619.2 0.00
2021 09 02 14 28 20 34 9.56 6 619.2 0.00
2021 09 02 14 29 19 33 9.67 6 619.2 0.00
2021 09 02 14 30 19 30 9.74 6 619.2 0.00
2021 09 02 14 31 15 4 9.61 7 619.3 0.00
2021 09 02 14 32 18 42 9.55 8 619.2 0.00
2021 09 02 14 33 17 32 9.42 7 619.1 0.00
2021 09 02 14 34 20 23 9.28 7 619.1 0.00
2021 09 02 14 35 19 47 9.19 6 619.2 0.00
2021 09 02 14 36 18 34 9.08 6 619.3 0.00
2021 09 02 14 37 16 31 9.03 6 619.3 0.00
2021 09 02 14 38 16 50 8.94 7 619.2 0.00
2021 09 02 14 39 20 38 9.05 6 619.1 0.00
2021 09 02 14 40 18 47 9.07 6 619.2 0.00
2021 09 02 14 41 15 50 8.97 7 619.2 0.00
2021 09 02 14 42 18 23 8.97 7 619.2 0.00
2021 09 02 14 43 19 36 8.92 6 619.1 0.00
2021 09 02 14 44 18 26 8.83 5 619.1 0.00
2021 09 02 14 45 19 32 8.78 6 619.1 0.00
2021 09 02 14 46 18 53 8.80 8 619.1 0.00
2021 09 02 14 47 15 50 8.69 9 619.2 0.00
2021 09 02 14 48 16 35 8.64 10 619.2 0.00
2021 09 02 14 49 20 16 8.68 7 619.1 0.00
2021 09 02 14 50 20 40 8.70 6 619.1 0.00
2021 09 02 14 51 20 21 8.66 6 619.1 0.00
2021 09 02 14 52 21 24 8.72 6 619.1 0.00
2021 09 02 14 53 20 17 8.83 8 619.1 0.00
2021 09 02 14 54 18 40 8.79 8 619.1 0.00
2021 09 02 14 55 20 37 8.84 6 619.0 0.00
2021 09 02 14 56 21 40 8.88 6 619.0 0.00
2021 09 02 14 57 18 31 8.84 7 619.0 0.00
2021 09 02 14 58 20 38 8.78 8 619.0 0.00
2021 09 02 14 59 23 32 8.89 8 619.1 0.00
2021 09 02 15 00 20 39 8.92 7 619.1 0.00
2021 09 02 15 01 19 27 9.00 6 619.0 0.00
2021 09 02 15 02 18 44 8.98 5 619.0 0.00
2021 09 02 15 03 19 39 8.95 5 619.0 0.00
2021 09 02 15 04 21 30 8.96 5 619.1 0.00
2021 09 02 15 05 20 35 9.02 5 619.1 0.00
2021 09 02 15 06 20 30 9.05 5 619.0 0.00
2021 09 02 15 07 19 27 9.05 5 619.1 0.00
2021 09 02 15 08 22 30 9.09 5 619.0 0.00
2021 09 02 15 09 21 44 9.07 5 619.0 0.00
2021 09 02 15 10 19 36 9.03 5 619.0 0.00
2021 09 02 15 11 20 38 9.02 5 619.0 0.00
2021 09 02 15 12 20 40 9.01 6 619.0 0.00
2021 09 02 15 13 20 41 8.93 6 619.1 0.00
2021 09 02 15 14 21 16 8.88 7 619.0 0.00
2021 09 02 15 15 19 37 8.83 6 619.0 0.00
2021 09 02 15 16 18 34 8.75 6 619.0 0.00
2021 09 02 15 17 19 30 8.70 6 619.1 0.00
2021 09 02 15 18 21 44 8.86 6 619.0 0.00
2021 09 02 15 19 19 28 8.83 6 619.0 0.00
2021 09 02 15 20 18 44 8.82 5 619.1 0.00
2021 09 02 15 21 18 34 8.76 5 619.0 0.00
2021 09 02 15 22 18 29 8.80 6 619.0 0.00
2021 09 02 15 23 16 38 8.75 7 619.0 0.00
2021 09 02 15 24 18 30 8.72 7 619.0 0.00
2021 09 02 15 25 18 25 8.71 8 619.0 0.00
2021 09 02 15 26 19 36 8.67 7 619.0 0.00
2021 09 02 15 27 19 35 8.59 7 619.0 0.00
2021 09 02 15 28 17 8 8.62 9 619.0 0.00
2021 09 02 15 29 18 34 8.63 8 619.0 0.00
2021 09 02 15 30 18 31 8.60 8 619.0 0.00
