2023 08 01 00 00 16 49 4.63 11 621.4 0.00
2023 08 01 00 01 15 45 4.63 11 621.4 0.00
2023 08 01 00 02 14 41 4.64 11 621.4 0.00
2023 08 01 00 03 13 1 4.64 11 621.4 0.00
2023 08 01 00 04 14 42 4.64 11 621.4 0.00
2023 08 01 00 05 14 42 4.65 11 621.4 0.00
2023 08 01 00 06 14 45 4.65 11 621.4 0.00
2023 08 01 00 07 14 44 4.67 11 621.4 0.00
2023 08 01 00 08 15 47 4.69 11 621.4 0.00
2023 08 01 00 09 14 42 4.69 12 621.4 0.00
2023 08 01 00 10 14 51 4.69 11 621.4 0.00
2023 08 01 00 11 15 47 4.69 10 621.4 0.00
2023 08 01 00 12 14 44 4.68 10 621.4 0.00
2023 08 01 00 13 14 48 4.66 11 621.4 0.00
2023 08 01 00 14 15 47 4.68 11 621.4 0.00
2023 08 01 00 15 15 52 4.69 11 621.4 0.00
2023 08 01 00 16 14 42 4.67 10 621.4 0.00
2023 08 01 00 17 14 44 4.65 11 621.4 0.00
2023 08 01 00 18 14 0 4.65 10 621.4 0.00
2023 08 01 00 19 14 49 4.63 10 621.3 0.00
2023 08 01 00 20 13 47 4.63 10 621.3 0.00
2023 08 01 00 21 12 48 4.63 11 621.3 0.00
2023 08 01 00 22 13 48 4.65 11 621.3 0.00
2023 08 01 00 23 13 50 4.66 12 621.3 0.00
2023 08 01 00 24 14 52 4.63 12 621.3 0.00
2023 08 01 00 25 15 49 4.62 12 621.3 0.00
2023 08 01 00 26 14 48 4.60 12 621.3 0.00
2023 08 01 00 27 14 52 4.61 12 621.3 0.00
2023 08 01 00 28 14 38 4.60 12 621.3 0.00
2023 08 01 00 29 14 51 4.62 13 621.3 0.00
2023 08 01 00 30 15 49 4.62 12 621.3 0.00
2023 08 01 00 31 15 1 4.68 14 621.3 0.00
2023 08 01 00 32 15 49 4.73 14 621.2 0.00
2023 08 01 00 33 15 50 4.80 14 621.2 0.00
2023 08 01 00 34 15 47 4.85 14 621.2 0.00
2023 08 01 00 35 15 48 4.90 15 621.2 0.00
2023 08 01 00 36 15 52 4.95 14 621.2 0.00
2023 08 01 00 37 15 45 5.03 14 621.2 0.00
2023 08 01 00 38 15 46 5.09 14 621.2 0.00
2023 08 01 00 39 16 48 5.14 14 621.2 0.00
2023 08 01 00 40 16 44 5.17 14 621.2 0.00
2023 08 01 00 41 16 47 5.20 14 621.2 0.00
2023 08 01 00 42 17 48 5.24 14 621.1 0.00
2023 08 01 00 43 17 44 5.30 13 621.1 0.00
2023 08 01 00 44 16 49 5.34 14 621.1 0.00
2023 08 01 00 45 17 46 5.32 14 621.1 0.00
2023 08 01 00 46 18 43 5.35 14 621.1 0.00
2023 08 01 00 47 18 44 5.38 14 621.1 0.00
2023 08 01 00 48 18 47 5.40 13 621.1 0.00
2023 08 01 00 49 17 47 5.43 13 621.1 0.00
2023 08 01 00 50 17 43 5.43 14 621.0 0.00
2023 08 01 00 51 17 42 5.38 14 621.0 0.00
2023 08 01 00 52 17 42 5.35 14 621.0 0.00
2023 08 01 00 53 18 42 5.35 14 621.0 0.00
2023 08 01 00 54 18 49 5.37 14 621.0 0.00
2023 08 01 00 55 18 0 5.38 14 621.0 0.00
2023 08 01 00 56 17 38 5.39 14 621.0 0.00
2023 08 01 00 57 17 45 5.38 14 621.0 0.00
2023 08 01 00 58 17 43 5.38 14 621.0 0.00
2023 08 01 00 59 17 7 5.40 14 621.0 0.00
2023 08 01 01 00 17 38 5.37 14 621.0 0.00
2023 08 01 01 01 17 45 5.36 14 621.0 0.00
2023 08 01 01 02 17 47 5.33 14 621.0 0.00
2023 08 01 01 03 16 34 5.32 14 621.0 0.00
2023 08 01 01 04 16 46 5.30 14 621.0 0.00
2023 08 01 01 05 16 39 5.30 14 621.0 0.00
2023 08 01 01 06 16 51 5.29 14 620.9 0.00
2023 08 01 01 07 16 41 5.31 14 620.9 0.00
2023 08 01 01 08 17 49 5.31 14 620.9 0.00
2023 08 01 01 09 16 43 5.30 14 620.9 0.00
2023 08 01 01 10 15 50 5.27 14 620.9 0.00
2023 08 01 01 11 16 32 5.26 14 620.9 0.00
2023 08 01 01 12 15 45 5.26 14 620.9 0.00
2023 08 01 01 13 16 50 5.26 14 620.9 0.00
2023 08 01 01 14 16 20 5.28 14 620.9 0.00
2023 08 01 01 15 16 23 5.31 14 620.9 0.00
2023 08 01 01 16 16 47 5.35 13 620.9 0.00
2023 08 01 01 17 17 44 5.38 13 620.8 0.00
2023 08 01 01 18 18 22 5.40 13 620.8 0.00
2023 08 01 01 19 18 48 5.43 14 620.8 0.00
2023 08 01 01 20 18 45 5.44 14 620.8 0.00
2023 08 01 01 21 17 36 5.43 14 620.8 0.00
2023 08 01 01 22 17 30 5.42 14 620.8 0.00
2023 08 01 01 23 18 36 5.44 13 620.8 0.00
2023 08 01 01 24 18 49 5.45 13 620.8 0.00
2023 08 01 01 25 18 42 5.45 13 620.8 0.00
2023 08 01 01 26 19 42 5.47 13 620.7 0.00
2023 08 01 01 27 20 42 5.50 13 620.7 0.00
2023 08 01 01 28 19 39 5.52 13 620.7 0.00
2023 08 01 01 29 20 44 5.53 13 620.7 0.00
2023 08 01 01 30 20 49 5.56 13 620.7 0.00
2023 08 01 01 31 20 42 5.58 13 620.7 0.00
2023 08 01 01 32 20 37 5.60 13 620.7 0.00
2023 08 01 01 33 20 13 5.61 13 620.7 0.00
2023 08 01 01 34 20 44 5.59 13 620.7 0.00
2023 08 01 01 35 20 41 5.59 13 620.7 0.00
2023 08 01 01 36 20 45 5.57 13 620.7 0.00
2023 08 01 01 37 20 49 5.56 13 620.7 0.00
2023 08 01 01 38 20 41 5.56 13 620.7 0.00
2023 08 01 01 39 18 38 5.54 13 620.7 0.00
2023 08 01 01 40 20 29 5.54 13 620.6 0.00
2023 08 01 01 41 19 40 5.54 13 620.6 0.00
2023 08 01 01 42 19 37 5.52 14 620.6 0.00
2023 08 01 01 43 19 32 5.51 14 620.6 0.00
2023 08 01 01 44 19 43 5.52 14 620.6 0.00
2023 08 01 01 45 19 32 5.54 14 620.6 0.00
2023 08 01 01 46 20 48 5.55 14 620.6 0.00
2023 08 01 01 47 20 34 5.54 14 620.6 0.00
2023 08 01 01 48 19 45 5.53 14 620.6 0.00
2023 08 01 01 49 18 44 5.54 14 620.6 0.00
2023 08 01 01 50 18 48 5.53 14 620.5 0.00
2023 08 01 01 51 18 45 5.53 14 620.5 0.00
2023 08 01 01 52 17 46 5.50 14 620.5 0.00
2023 08 01 01 53 18 29 5.48 14 620.5 0.00
2023 08 01 01 54 19 40 5.50 14 620.5 0.00
2023 08 01 01 55 19 49 5.54 13 620.5 0.00
2023 08 01 01 56 18 47 5.57 14 620.5 0.00
2023 08 01 01 57 18 46 5.59 14 620.5 0.00
2023 08 01 01 58 17 41 5.61 13 620.5 0.00
2023 08 01 01 59 17 49 5.62 13 620.5 0.00
2023 08 01 02 00 18 37 5.60 14 620.5 0.00
2023 08 01 02 01 17 1 5.59 13 620.5 0.00
2023 08 01 02 02 18 40 5.57 14 620.5 0.00
2023 08 01 02 03 18 25 5.57 14 620.5 0.00
2023 08 01 02 04 19 0 5.60 13 620.5 0.00
2023 08 01 02 05 19 52 5.61 13 620.5 0.00
2023 08 01 02 06 18 19 5.60 13 620.4 0.00
2023 08 01 02 07 18 48 5.59 14 620.5 0.00
2023 08 01 02 08 18 29 5.60 14 620.4 0.00
2023 08 01 02 09 19 48 5.59 13 620.5 0.00
2023 08 01 02 10 18 38 5.57 13 620.4 0.00
2023 08 01 02 11 19 42 5.57 13 620.4 0.00
2023 08 01 02 12 18 42 5.57 13 620.4 0.00
2023 08 01 02 13 18 46 5.57 13 620.4 0.00
2023 08 01 02 14 17 50 5.56 13 620.4 0.00
2023 08 01 02 15 18 48 5.58 13 620.4 0.00
2023 08 01 02 16 19 45 5.57 13 620.4 0.00
2023 08 01 02 17 17 36 5.58 13 620.4 0.00
2023 08 01 02 18 19 34 5.58 13 620.4 0.00
2023 08 01 02 19 18 50 5.59 13 620.4 0.00
2023 08 01 02 20 18 11 5.62 12 620.4 0.00
2023 08 01 02 21 18 46 5.63 13 620.4 0.00
2023 08 01 02 22 18 50 5.64 12 620.4 0.00
2023 08 01 02 23 18 33 5.65 13 620.4 0.00
2023 08 01 02 24 18 39 5.66 13 620.4 0.00
2023 08 01 02 25 17 48 5.65 13 620.4 0.00
2023 08 01 02 26 17 50 5.66 13 620.4 0.00
2023 08 01 02 27 16 47 5.66 13 620.3 0.00
2023 08 01 02 28 15 40 5.63 13 620.4 0.00
2023 08 01 02 29 14 47 5.63 12 620.4 0.00
2023 08 01 02 30 15 49 5.64 12 620.3 0.00
2023 08 01 02 31 14 45 5.63 12 620.3 0.00
2023 08 01 02 32 15 49 5.63 12 620.3 0.00
2023 08 01 02 33 15 27 5.62 12 620.3 0.00
2023 08 01 02 34 15 41 5.62 12 620.3 0.00
2023 08 01 02 35 15 42 5.62 12 620.3 0.00
2023 08 01 02 36 15 45 5.63 12 620.3 0.00
2023 08 01 02 37 15 48 5.64 12 620.3 0.00
2023 08 01 02 38 15 50 5.67 11 620.3 0.00
2023 08 01 02 39 15 42 5.68 12 620.3 0.00
2023 08 01 02 40 15 48 5.69 11 620.3 0.00
2023 08 01 02 41 16 26 5.70 12 620.3 0.00
2023 08 01 02 42 17 37 5.71 11 620.3 0.00
2023 08 01 02 43 16 40 5.77 11 620.3 0.00
2023 08 01 02 44 16 39 5.78 12 620.3 0.00
2023 08 01 02 45 15 40 5.77 12 620.3 0.00
2023 08 01 02 46 15 51 5.76 12 620.4 0.00
2023 08 01 02 47 15 52 5.72 12 620.3 0.00
2023 08 01 02 48 14 43 5.70 12 620.3 0.00
2023 08 01 02 49 14 45 5.70 12 620.3 0.00
2023 08 01 02 50 14 50 5.72 12 620.3 0.00
2023 08 01 02 51 14 49 5.74 12 620.3 0.00
2023 08 01 02 52 13 43 5.75 12 620.4 0.00
2023 08 01 02 53 13 49 5.75 13 620.3 0.00
2023 08 01 02 54 13 27 5.74 12 620.3 0.00
2023 08 01 02 55 13 41 5.74 12 620.3 0.00
2023 08 01 02 56 13 50 5.77 11 620.3 0.00
2023 08 01 02 57 13 45 5.82 10 620.3 0.00
2023 08 01 02 58 12 47 5.86 10 620.3 0.00
2023 08 01 02 59 13 50 5.88 10 620.3 0.00
2023 08 01 03 00 12 48 5.92 10 620.3 0.00
2023 08 01 03 01 13 45 5.93 10 620.3 0.00
2023 08 01 03 02 13 48 5.95 10 620.3 0.00
2023 08 01 03 03 14 41 5.97 9 620.3 0.00
2023 08 01 03 04 14 47 5.97 10 620.3 0.00
2023 08 01 03 05 14 13 5.96 10 620.3 0.00
2023 08 01 03 06 15 45 5.95 9 620.3 0.00
2023 08 01 03 07 12 51 5.96 9 620.3 0.00
2023 08 01 03 08 14 32 5.96 10 620.3 0.00
2023 08 01 03 09 12 47 5.95 10 620.3 0.00
2023 08 01 03 10 13 5 5.91 11 620.3 0.00
2023 08 01 03 11 13 52 5.87 12 620.3 0.00
2023 08 01 03 12 13 31 5.82 12 620.3 0.00
2023 08 01 03 13 12 47 5.78 12 620.4 0.00
2023 08 01 03 14 12 48 5.79 12 620.4 0.00
2023 08 01 03 15 11 49 5.74 12 620.4 0.00
2023 08 01 03 16 11 43 5.68 12 620.4 0.00
2023 08 01 03 17 11 47 5.66 12 620.4 0.00
2023 08 01 03 18 10 0 5.63 12 620.4 0.00
2023 08 01 03 19 10 46 5.60 12 620.4 0.00
2023 08 01 03 20 10 40 5.60 12 620.4 0.00
2023 08 01 03 21 10 33 5.60 12 620.4 0.00
2023 08 01 03 22 9 10 5.57 12 620.4 0.00
2023 08 01 03 23 11 40 5.57 12 620.4 0.00
2023 08 01 03 24 11 45 5.57 12 620.4 0.00
2023 08 01 03 25 12 52 5.61 11 620.4 0.00
2023 08 01 03 26 11 39 5.65 10 620.4 0.00
2023 08 01 03 27 12 46 5.68 10 620.4 0.00
2023 08 01 03 28 12 12 5.73 10 620.4 0.00
2023 08 01 03 29 11 49 5.77 11 620.4 0.00
2023 08 01 03 30 12 42 5.78 12 620.4 0.00
2023 08 01 03 31 12 51 5.77 12 620.4 0.00
2023 08 01 03 32 12 48 5.75 11 620.4 0.00
2023 08 01 03 33 12 52 5.78 11 620.4 0.00
2023 08 01 03 34 11 49 5.78 12 620.4 0.00
2023 08 01 03 35 11 48 5.79 11 620.4 0.00
2023 08 01 03 36 10 55 5.80 11 620.4 0.00
2023 08 01 03 37 10 49 5.79 11 620.4 0.00
2023 08 01 03 38 11 48 5.79 11 620.4 0.00
2023 08 01 03 39 10 3 5.78 11 620.4 0.00
2023 08 01 03 40 11 42 5.82 10 620.4 0.00
2023 08 01 03 41 12 38 5.89 10 620.4 0.00
2023 08 01 03 42 11 46 5.93 10 620.4 0.00
2023 08 01 03 43 11 49 5.95 10 620.4 0.00
2023 08 01 03 44 11 44 5.95 10 620.4 0.00
2023 08 01 03 45 11 46 5.94 10 620.4 0.00
2023 08 01 03 46 11 42 5.94 10 620.4 0.00
2023 08 01 03 47 11 43 5.94 10 620.4 0.00
2023 08 01 03 48 12 35 5.93 10 620.4 0.00
2023 08 01 03 49 12 38 5.95 9 620.4 0.00
2023 08 01 03 50 12 38 5.97 10 620.4 0.00
2023 08 01 03 51 11 16 5.99 10 620.4 0.00
2023 08 01 03 52 11 41 5.99 10 620.4 0.00
2023 08 01 03 53 11 46 6.00 10 620.4 0.00
2023 08 01 03 54 11 46 6.02 9 620.4 0.00
2023 08 01 03 55 11 47 6.04 9 620.4 0.00
2023 08 01 03 56 11 41 6.05 9 620.4 0.00
2023 08 01 03 57 12 47 6.06 9 620.4 0.00
2023 08 01 03 58 11 45 6.04 9 620.4 0.00
2023 08 01 03 59 10 49 6.04 10 620.4 0.00
2023 08 01 04 00 11 44 6.06 10 620.4 0.00
2023 08 01 04 01 11 48 6.05 10 620.4 0.00
2023 08 01 04 02 11 47 6.02 10 620.4 0.00
2023 08 01 04 03 12 40 6.01 10 620.4 0.00
2023 08 01 04 04 11 48 5.99 10 620.4 0.00
2023 08 01 04 05 10 43 6.01 10 620.4 0.00
2023 08 01 04 06 10 46 5.94 11 620.4 0.00
2023 08 01 04 07 10 43 5.86 12 620.4 0.00
2023 08 01 04 08 10 49 5.82 12 620.4 0.00
2023 08 01 04 09 10 43 5.80 12 620.4 0.00
2023 08 01 04 10 11 4 5.78 11 620.4 0.00
2023 08 01 04 11 11 25 5.79 11 620.4 0.00
2023 08 01 04 12 10 42 5.78 12 620.4 0.00
2023 08 01 04 13 10 50 5.76 12 620.4 0.00
2023 08 01 04 14 11 32 5.75 12 620.4 0.00
2023 08 01 04 15 11 47 5.72 12 620.4 0.00
2023 08 01 04 16 11 1 5.71 11 620.4 0.00
2023 08 01 04 17 11 48 5.70 12 620.4 0.00
2023 08 01 04 18 10 49 5.71 12 620.4 0.00
2023 08 01 04 19 10 0 5.66 12 620.4 0.00
2023 08 01 04 20 10 2 5.63 12 620.4 0.00
2023 08 01 04 21 10 1 5.60 12 620.4 0.00
2023 08 01 04 22 9 54 5.52 12 620.4 0.00
2023 08 01 04 23 10 51 5.43 12 620.4 0.00
2023 08 01 04 24 10 45 5.36 12 620.4 0.00
2023 08 01 04 25 11 50 5.35 13 620.4 0.00
2023 08 01 04 26 10 1 5.34 13 620.4 0.00
2023 08 01 04 27 10 51 5.31 13 620.4 0.00
2023 08 01 04 28 11 50 5.29 13 620.4 0.00
2023 08 01 04 29 10 4 5.31 13 620.4 0.00
2023 08 01 04 30 10 3 5.28 13 620.4 0.00
2023 08 01 04 31 10 0 5.28 13 620.4 0.00
2023 08 01 04 32 10 51 5.24 13 620.4 0.00
2023 08 01 04 33 9 0 5.21 13 620.4 0.00
2023 08 01 04 34 9 51 5.18 13 620.4 0.00
2023 08 01 04 35 8 51 5.13 13 620.4 0.00
2023 08 01 04 36 9 49 5.06 13 620.4 0.00
2023 08 01 04 37 11 49 5.08 13 620.4 0.00
2023 08 01 04 38 12 47 5.13 13 620.4 0.00
2023 08 01 04 39 12 31 5.18 13 620.4 0.00
2023 08 01 04 40 13 0 5.21 13 620.4 0.00
2023 08 01 04 41 12 26 5.22 13 620.4 0.00
2023 08 01 04 42 11 33 5.23 13 620.4 0.00
2023 08 01 04 43 11 0 5.24 12 620.4 0.00
2023 08 01 04 44 10 50 5.24 12 620.4 0.00
2023 08 01 04 45 10 2 5.21 13 620.4 0.00
2023 08 01 04 46 10 0 5.22 13 620.4 0.00
2023 08 01 04 47 10 0 5.18 13 620.4 0.00
2023 08 01 04 48 10 2 5.15 13 620.4 0.00
2023 08 01 04 49 9 0 5.13 12 620.4 0.00
2023 08 01 04 50 9 0 5.14 12 620.4 0.00
2023 08 01 04 51 10 60 5.15 12 620.4 0.00
2023 08 01 04 52 11 36 5.20 12 620.4 0.00
2023 08 01 04 53 11 0 5.21 12 620.4 0.00
2023 08 01 04 54 11 51 5.26 12 620.4 0.00
2023 08 01 04 55 10 16 5.29 12 620.4 0.00
2023 08 01 04 56 10 17 5.30 12 620.4 0.00
2023 08 01 04 57 9 32 5.32 12 620.4 0.00
2023 08 01 04 58 9 0 5.32 12 620.4 0.00
2023 08 01 04 59 9 58 5.30 12 620.4 0.00
2023 08 01 05 00 10 48 5.29 12 620.4 0.00
2023 08 01 05 01 9 15 5.30 12 620.4 0.00
2023 08 01 05 02 10 0 5.32 12 620.4 0.00
2023 08 01 05 03 9 28 5.35 12 620.4 0.00
2023 08 01 05 04 8 26 5.37 12 620.4 0.00
2023 08 01 05 05 9 23 5.36 12 620.4 0.00
2023 08 01 05 06 9 0 5.36 12 620.4 0.00
2023 08 01 05 07 9 2 5.32 12 620.4 0.00
2023 08 01 05 08 10 35 5.35 12 620.4 0.00
2023 08 01 05 09 10 0 5.34 12 620.4 0.00
2023 08 01 05 10 10 1 5.28 12 620.4 0.00
2023 08 01 05 11 10 0 5.30 12 620.4 0.00
2023 08 01 05 12 9 0 5.35 12 620.5 0.00
2023 08 01 05 13 9 0 5.35 12 620.5 0.00
2023 08 01 05 14 9 4 5.35 11 620.5 0.00
2023 08 01 05 15 9 48 5.36 11 620.5 0.00
2023 08 01 05 16 10 13 5.40 10 620.5 0.00
2023 08 01 05 17 10 12 5.51 9 620.5 0.00
2023 08 01 05 18 9 0 5.55 10 620.5 0.00
2023 08 01 05 19 8 1 5.57 10 620.5 0.00
2023 08 01 05 20 8 0 5.54 11 620.5 0.00
2023 08 01 05 21 9 42 5.51 11 620.5 0.00
2023 08 01 05 22 7 5 5.45 11 620.5 0.00
2023 08 01 05 23 7 7 5.35 12 620.5 0.00
2023 08 01 05 24 8 1 5.28 12 620.5 0.00
2023 08 01 05 25 9 0 5.25 12 620.5 0.00
2023 08 01 05 26 10 0 5.21 12 620.5 0.00
2023 08 01 05 27 9 0 5.18 12 620.5 0.00
2023 08 01 05 28 10 14 5.18 12 620.5 0.00
2023 08 01 05 29 8 1 5.12 12 620.5 0.00
2023 08 01 05 30 8 5 5.05 12 620.5 0.00
2023 08 01 05 31 10 0 5.02 12 620.5 0.00
2023 08 01 05 32 10 0 5.03 12 620.5 0.00
2023 08 01 05 33 10 0 5.07 12 620.5 0.00
2023 08 01 05 34 9 5 5.11 12 620.5 0.00
2023 08 01 05 35 9 0 5.11 12 620.5 0.00
2023 08 01 05 36 9 11 5.11 12 620.5 0.00
2023 08 01 05 37 8 0 5.06 12 620.5 0.00
2023 08 01 05 38 9 0 5.03 12 620.5 0.00
2023 08 01 05 39 10 0 5.05 12 620.5 0.00
2023 08 01 05 40 10 27 5.07 12 620.5 0.00
2023 08 01 05 41 11 0 5.10 10 620.5 0.00
2023 08 01 05 42 11 0 5.20 9 620.5 0.00
2023 08 01 05 43 10 1 5.27 9 620.5 0.00
2023 08 01 05 44 10 0 5.34 9 620.5 0.00
2023 08 01 05 45 10 4 5.41 9 620.5 0.00
2023 08 01 05 46 10 37 5.51 9 620.5 0.00
2023 08 01 05 47 10 3 5.58 9 620.6 0.00
2023 08 01 05 48 10 4 5.62 10 620.6 0.00
2023 08 01 05 49 9 42 5.64 9 620.6 0.00
2023 08 01 05 50 11 1 5.70 8 620.6 0.00
2023 08 01 05 51 11 0 5.76 8 620.6 0.00
2023 08 01 05 52 10 21 5.77 8 620.6 0.00
2023 08 01 05 53 8 3 5.77 8 620.6 0.00
2023 08 01 05 54 7 0 5.75 8 620.6 0.00
2023 08 01 05 55 9 0 5.77 8 620.6 0.00
2023 08 01 05 56 9 4 5.78 8 620.6 0.00
2023 08 01 05 57 8 7 5.84 8 620.6 0.00
2023 08 01 05 58 8 48 5.87 8 620.6 0.00
2023 08 01 05 59 8 13 5.90 8 620.7 0.00
2023 08 01 06 00 8 0 5.96 8 620.7 0.00
2023 08 01 06 01 7 1 6.00 8 620.7 0.00
2023 08 01 06 02 7 0 6.02 8 620.7 0.00
2023 08 01 06 03 9 0 6.08 7 620.7 0.00
2023 08 01 06 04 9 1 6.16 8 620.7 0.00
2023 08 01 06 05 9 0 6.20 8 620.7 0.00
2023 08 01 06 06 9 2 6.21 9 620.7 0.00
2023 08 01 06 07 9 0 6.23 10 620.7 0.00
2023 08 01 06 08 9 7 6.25 10 620.7 0.00
2023 08 01 06 09 8 0 6.26 10 620.7 0.00
2023 08 01 06 10 8 0 6.30 9 620.7 0.00
2023 08 01 06 11 7 2 6.37 8 620.7 0.00
2023 08 01 06 12 7 0 6.42 8 620.7 0.00
2023 08 01 06 13 8 4 6.46 8 620.8 0.00
2023 08 01 06 14 8 70 6.52 7 620.8 0.00
2023 08 01 06 15 7 72 6.56 8 620.8 0.00
2023 08 01 06 16 7 15 6.61 7 620.8 0.00
2023 08 01 06 17 7 0 6.65 7 620.8 0.00
2023 08 01 06 18 7 0 6.71 7 620.8 0.00
2023 08 01 06 19 5 9 6.74 8 620.8 0.00
2023 08 01 06 20 6 0 6.76 8 620.8 0.00
2023 08 01 06 21 6 9 6.81 7 620.8 0.00
2023 08 01 06 22 7 1 6.88 7 620.8 0.00
2023 08 01 06 23 7 0 6.94 7 620.8 0.00
2023 08 01 06 24 5 0 7.00 7 620.8 0.00
2023 08 01 06 25 5 0 7.05 7 620.8 0.00
2023 08 01 06 26 5 43 7.11 7 620.8 0.00
2023 08 01 06 27 5 50 7.17 7 620.8 0.00
2023 08 01 06 28 5 0 7.22 7 620.8 0.00
2023 08 01 06 29 6 0 7.27 7 620.8 0.00
2023 08 01 06 30 6 0 7.32 7 620.9 0.00
2023 08 01 06 31 6 49 7.36 7 620.9 0.00
2023 08 01 06 32 6 0 7.39 7 620.9 0.00
2023 08 01 06 33 5 2 7.42 7 620.9 0.00
2023 08 01 06 34 5 0 7.45 7 620.9 0.00
2023 08 01 06 35 6 2 7.48 7 620.9 0.00
2023 08 01 06 36 5 85 7.52 7 620.9 0.00
2023 08 01 06 37 5 3 7.54 7 621.0 0.00
2023 08 01 06 38 7 0 7.55 7 621.0 0.00
2023 08 01 06 39 6 51 7.56 7 621.0 0.00
2023 08 01 06 40 6 0 7.58 7 621.0 0.00
2023 08 01 06 41 5 0 7.55 8 621.0 0.00
2023 08 01 06 42 5 58 7.55 8 621.0 0.00
2023 08 01 06 43 6 46 7.56 8 621.0 0.00
2023 08 01 06 44 5 0 7.58 8 621.0 0.00
2023 08 01 06 45 5 1 7.63 8 621.0 0.00
2023 08 01 06 46 6 0 7.71 7 621.0 0.00
2023 08 01 06 47 6 0 7.78 7 621.0 0.00
2023 08 01 06 48 5 1 7.84 7 621.0 0.00
2023 08 01 06 49 6 0 7.93 7 621.0 0.00
2023 08 01 06 50 6 0 7.98 7 621.0 0.00
2023 08 01 06 51 7 0 8.02 7 621.0 0.00
2023 08 01 06 52 6 0 8.06 7 621.0 0.00
2023 08 01 06 53 6 59 8.07 7 621.0 0.00
2023 08 01 06 54 6 11 8.09 7 621.0 0.00
2023 08 01 06 55 6 7 8.12 7 621.0 0.00
2023 08 01 06 56 5 0 8.11 7 621.0 0.00
2023 08 01 06 57 4 52 8.10 7 621.0 0.00
2023 08 01 06 58 4 0 8.18 8 621.0 0.00
2023 08 01 06 59 6 9 8.22 7 621.0 0.00
2023 08 01 07 00 6 0 8.23 7 621.0 0.00
2023 08 01 07 01 5 7 8.24 7 621.0 0.00
2023 08 01 07 02 6 23 8.27 7 621.0 0.00
2023 08 01 07 03 6 40 8.32 7 621.0 0.00
2023 08 01 07 04 8 47 8.36 7 621.1 0.00
2023 08 01 07 05 8 2 8.41 7 621.1 0.00
2023 08 01 07 06 7 50 8.44 6 621.1 0.00
2023 08 01 07 07 8 2 8.46 6 621.1 0.00
2023 08 01 07 08 7 38 8.47 7 621.1 0.00
2023 08 01 07 09 7 0 8.46 7 621.1 0.00
2023 08 01 07 10 8 0 8.50 7 621.1 0.00
2023 08 01 07 11 8 29 8.53 7 621.1 0.00
2023 08 01 07 12 7 40 8.59 7 621.1 0.00
2023 08 01 07 13 6 41 8.65 6 621.1 0.00
2023 08 01 07 14 6 0 8.70 6 621.1 0.00
2023 08 01 07 15 7 1 8.72 7 621.1 0.00
2023 08 01 07 16 8 1 8.79 7 621.2 0.00
2023 08 01 07 17 8 0 8.82 6 621.2 0.00
2023 08 01 07 18 8 50 8.84 6 621.2 0.00
2023 08 01 07 19 9 25 8.91 7 621.2 0.00
2023 08 01 07 20 8 1 8.89 7 621.2 0.00
2023 08 01 07 21 6 0 8.88 7 621.2 0.00
2023 08 01 07 22 5 12 8.98 7 621.2 0.00
2023 08 01 07 23 6 0 9.09 7 621.2 0.00
2023 08 01 07 24 7 88 9.12 7 621.2 0.00
2023 08 01 07 25 7 54 9.14 7 621.2 0.00
2023 08 01 07 26 7 0 9.15 7 621.2 0.00
2023 08 01 07 27 6 0 9.16 7 621.2 0.00
2023 08 01 07 28 5 0 9.20 6 621.2 0.00
2023 08 01 07 29 5 0 9.19 7 621.2 0.00
2023 08 01 07 30 4 0 9.23 7 621.2 0.00
2023 08 01 07 31 4 0 9.20 6 621.2 0.00
2023 08 01 07 32 4 32 9.23 6 621.2 0.00
2023 08 01 07 33 5 8 9.20 6 621.2 0.00
2023 08 01 07 34 5 0 9.21 7 621.2 0.00
2023 08 01 07 35 4 1 9.28 7 621.2 0.00
2023 08 01 07 36 5 2 9.26 6 621.3 0.00
2023 08 01 07 37 5 12 9.23 6 621.3 0.00
2023 08 01 07 38 6 2 9.32 7 621.3 0.00
2023 08 01 07 39 6 0 9.34 7 621.3 0.00
2023 08 01 07 40 5 0 9.31 7 621.3 0.00
2023 08 01 07 41 5 1 9.38 7 621.3 0.00
2023 08 01 07 42 4 1 9.39 7 621.3 0.00
2023 08 01 07 43 5 0 9.36 7 621.3 0.00
2023 08 01 07 44 4 0 9.36 7 621.3 0.00
2023 08 01 07 45 3 2 9.31 6 621.3 0.00
2023 08 01 07 46 4 0 9.27 6 621.3 0.00
2023 08 01 07 47 5 3 9.28 6 621.3 0.00
2023 08 01 07 48 6 50 9.34 7 621.3 0.00
2023 08 01 07 49 10 51 9.37 7 621.3 0.00
2023 08 01 07 50 11 3 9.40 7 621.3 0.00
2023 08 01 07 51 10 0 9.40 7 621.3 0.00
2023 08 01 07 52 10 0 9.46 8 621.3 0.00
2023 08 01 07 53 9 40 9.45 8 621.3 0.00
2023 08 01 07 54 10 2 9.53 8 621.3 0.00
2023 08 01 07 55 8 0 9.51 8 621.3 0.00
2023 08 01 07 56 8 21 9.52 8 621.3 0.00
2023 08 01 07 57 9 42 9.51 8 621.3 0.00
2023 08 01 07 58 8 45 9.40 8 621.3 0.00
2023 08 01 07 59 6 1 9.37 8 621.3 0.00
2023 08 01 08 00 5 11 9.29 8 621.3 0.00
2023 08 01 08 01 5 0 9.30 8 621.3 0.00
2023 08 01 08 02 5 40 9.30 7 621.3 0.00
2023 08 01 08 03 8 7 9.43 9 621.3 0.00
2023 08 01 08 04 7 0 9.50 9 621.3 0.00
2023 08 01 08 05 6 50 9.48 9 621.4 0.00
2023 08 01 08 06 9 0 9.58 9 621.3 0.00
2023 08 01 08 07 9 35 9.56 8 621.3 0.00
2023 08 01 08 08 9 0 9.50 8 621.3 0.00
2023 08 01 08 09 8 41 9.45 8 621.3 0.00
2023 08 01 08 10 9 45 9.40 8 621.3 0.00
2023 08 01 08 11 7 34 9.29 8 621.3 0.00
2023 08 01 08 12 6 46 9.24 9 621.4 0.00
2023 08 01 08 13 7 35 9.38 10 621.4 0.00
2023 08 01 08 14 7 46 9.40 9 621.4 0.00
2023 08 01 08 15 7 1 9.39 8 621.4 0.00
2023 08 01 08 16 6 0 9.39 8 621.4 0.00
2023 08 01 08 17 5 0 9.40 7 621.4 0.00
2023 08 01 08 18 7 0 9.42 7 621.4 0.00
2023 08 01 08 19 7 49 9.45 8 621.4 0.00
2023 08 01 08 20 8 42 9.45 8 621.4 0.00
2023 08 01 08 21 8 49 9.53 8 621.4 0.00
2023 08 01 08 22 10 23 9.67 9 621.4 0.00
2023 08 01 08 23 9 46 9.61 9 621.4 0.00
2023 08 01 08 24 9 11 9.70 9 621.4 0.00
2023 08 01 08 25 6 21 9.64 8 621.4 0.00
2023 08 01 08 26 6 23 9.65 10 621.4 0.00
2023 08 01 08 27 9 37 9.61 10 621.5 0.00
2023 08 01 08 28 5 41 9.53 9 621.5 0.00
2023 08 01 08 29 5 0 9.51 9 621.5 0.00
2023 08 01 08 30 4 0 9.47 8 621.5 0.00
2023 08 01 08 31 4 0 9.40 8 621.5 0.00
2023 08 01 08 32 4 32 9.42 8 621.5 0.00
2023 08 01 08 33 6 51 9.42 8 621.5 0.00
2023 08 01 08 34 8 3 9.48 8 621.5 0.00
2023 08 01 08 35 7 32 9.54 7 621.5 0.00
2023 08 01 08 36 8 20 9.58 8 621.5 0.00
2023 08 01 08 37 9 0 9.67 7 621.5 0.00
2023 08 01 08 38 7 48 9.68 7 621.5 0.00
2023 08 01 08 39 8 7 9.68 8 621.5 0.00
2023 08 01 08 40 7 43 9.72 8 621.5 0.00
2023 08 01 08 41 6 35 9.75 8 621.5 0.00
2023 08 01 08 42 10 40 9.82 8 621.5 0.00
2023 08 01 08 43 10 1 9.79 8 621.5 0.00
2023 08 01 08 44 9 10 9.82 7 621.5 0.00
2023 08 01 08 45 11 26 9.93 7 621.5 0.00
2023 08 01 08 46 10 39 9.85 6 621.5 0.00
2023 08 01 08 47 9 56 9.71 6 621.6 0.00
2023 08 01 08 48 8 34 9.81 8 621.6 0.00
2023 08 01 08 49 11 46 10.01 8 621.6 0.00
2023 08 01 08 50 9 39 10.00 7 621.6 0.00
2023 08 01 08 51 8 36 9.94 8 621.6 0.00
2023 08 01 08 52 10 37 9.91 9 621.6 0.00
2023 08 01 08 53 9 4 9.87 9 621.6 0.00
2023 08 01 08 54 9 8 9.84 8 621.6 0.00
2023 08 01 08 55 7 46 9.73 8 621.6 0.00
2023 08 01 08 56 10 24 9.78 9 621.6 0.00
2023 08 01 08 57 11 31 9.77 8 621.6 0.00
2023 08 01 08 58 11 42 9.77 9 621.6 0.00
2023 08 01 08 59 12 40 9.93 10 621.6 0.00
2023 08 01 09 00 13 22 10.01 9 621.6 0.00
2023 08 01 09 01 12 0 9.94 9 621.6 0.00
2023 08 01 09 02 10 30 10.01 9 621.6 0.00
2023 08 01 09 03 13 38 10.19 9 621.6 0.00
2023 08 01 09 04 9 37 10.09 9 621.6 0.00
2023 08 01 09 05 11 44 10.15 10 621.6 0.00
2023 08 01 09 06 8 49 10.12 9 621.6 0.00
2023 08 01 09 07 8 35 10.08 9 621.6 0.00
2023 08 01 09 08 9 1 10.15 9 621.6 0.00
2023 08 01 09 09 7 32 10.14 8 621.6 0.00
2023 08 01 09 10 9 46 10.09 9 621.6 0.00
2023 08 01 09 11 8 49 10.04 8 621.6 0.00
2023 08 01 09 12 5 35 10.06 9 621.6 0.00
2023 08 01 09 13 5 23 10.18 9 621.6 0.00
2023 08 01 09 14 5 0 10.26 9 621.6 0.00
2023 08 01 09 15 4 14 10.42 9 621.6 0.00
2023 08 01 09 16 7 47 10.59 8 621.6 0.00
2023 08 01 09 17 9 47 10.64 9 621.6 0.00
2023 08 01 09 18 8 33 10.66 9 621.6 0.00
2023 08 01 09 19 11 32 10.74 8 621.6 0.00
2023 08 01 09 20 11 0 10.68 8 621.6 0.00
2023 08 01 09 21 8 43 10.66 8 621.6 0.00
2023 08 01 09 22 9 0 10.64 8 621.6 0.00
2023 08 01 09 23 9 41 10.63 8 621.6 0.00
2023 08 01 09 24 7 51 10.63 8 621.6 0.00
2023 08 01 09 25 9 51 10.66 8 621.6 0.00
2023 08 01 09 26 7 35 10.61 8 621.6 0.00
2023 08 01 09 27 11 4 10.69 8 621.6 0.00
2023 08 01 09 28 7 5 10.64 8 621.6 0.00
2023 08 01 09 29 8 51 10.72 8 621.6 0.00
2023 08 01 09 30 7 46 10.70 8 621.6 0.00
2023 08 01 09 31 11 42 10.74 8 621.6 0.00
2023 08 01 09 32 8 47 10.66 8 621.6 0.00
2023 08 01 09 33 9 37 10.70 8 621.7 0.00
2023 08 01 09 34 12 41 10.83 9 621.6 0.00
2023 08 01 09 35 9 34 10.86 8 621.6 0.00
2023 08 01 09 36 9 40 10.82 8 621.7 0.00
2023 08 01 09 37 10 20 10.93 7 621.7 0.00
2023 08 01 09 38 9 48 10.91 7 621.7 0.00
2023 08 01 09 39 8 313 11.01 8 621.7 0.00
2023 08 01 09 40 9 24 11.12 8 621.7 0.00
2023 08 01 09 41 9 28 11.05 8 621.7 0.00
2023 08 01 09 42 9 46 11.06 8 621.7 0.00
2023 08 01 09 43 10 46 11.07 8 621.7 0.00
2023 08 01 09 44 10 30 11.21 8 621.7 0.00
2023 08 01 09 45 13 34 11.25 8 621.7 0.00
2023 08 01 09 46 13 47 11.31 8 621.7 0.00
2023 08 01 09 47 11 34 11.21 7 621.7 0.00
2023 08 01 09 48 8 46 11.08 8 621.7 0.00
2023 08 01 09 49 12 42 11.09 8 621.7 0.00
2023 08 01 09 50 12 40 11.17 9 621.7 0.00
2023 08 01 09 51 10 51 11.21 8 621.7 0.00
2023 08 01 09 52 7 18 11.14 7 621.7 0.00
2023 08 01 09 53 8 24 11.21 7 621.7 0.00
2023 08 01 09 54 8 51 11.19 7 621.7 0.00
2023 08 01 09 55 7 0 11.12 7 621.7 0.00
2023 08 01 09 56 4 50 11.10 7 621.7 0.00
2023 08 01 09 57 6 2 11.27 8 621.7 0.00
2023 08 01 09 58 7 26 11.29 7 621.7 0.00
2023 08 01 09 59 7 45 11.32 7 621.8 0.00
2023 08 01 10 00 7 51 11.43 7 621.7 0.00
2023 08 01 10 01 8 44 11.50 6 621.7 0.00
2023 08 01 10 02 6 25 11.47 6 621.7 0.00
2023 08 01 10 03 7 44 11.43 6 621.7 0.00
2023 08 01 10 04 7 12 11.37 6 621.7 0.00
2023 08 01 10 05 10 0 11.43 7 621.7 0.00
2023 08 01 10 06 10 42 11.47 6 621.7 0.00
2023 08 01 10 07 7 18 11.40 6 621.7 0.00
2023 08 01 10 08 8 0 11.55 6 621.7 0.00
2023 08 01 10 09 9 16 11.56 7 621.7 0.00
2023 08 01 10 10 8 46 11.49 7 621.7 0.00
2023 08 01 10 11 11 35 11.67 7 621.6 0.00
2023 08 01 10 12 12 1 11.67 6 621.7 0.00
2023 08 01 10 13 7 0 11.59 6 621.7 0.00
2023 08 01 10 14 8 0 11.61 6 621.7 0.00
2023 08 01 10 15 10 52 11.66 7 621.7 0.00
2023 08 01 10 16 10 40 11.80 8 621.7 0.00
2023 08 01 10 17 12 43 11.83 7 621.7 0.00
2023 08 01 10 18 8 0 11.76 7 621.7 0.00
2023 08 01 10 19 4 49 12.03 8 621.7 0.00
2023 08 01 10 20 5 32 11.98 7 621.7 0.00
2023 08 01 10 21 6 35 11.93 6 621.7 0.00
2023 08 01 10 22 7 45 11.91 6 621.7 0.00
2023 08 01 10 23 5 0 11.90 7 621.7 0.00
2023 08 01 10 24 7 45 12.05 8 621.7 0.00
2023 08 01 10 25 10 0 12.27 8 621.7 0.00
2023 08 01 10 26 9 25 12.28 7 621.7 0.00
2023 08 01 10 27 9 16 12.37 7 621.7 0.00
2023 08 01 10 28 10 16 12.41 7 621.7 0.00
2023 08 01 10 29 13 44 12.39 8 621.7 0.00
2023 08 01 10 30 12 0 12.23 7 621.7 0.00
2023 08 01 10 31 10 1 12.25 8 621.7 0.00
2023 08 01 10 32 14 20 12.31 9 621.7 0.00
2023 08 01 10 33 15 49 12.37 9 621.7 0.00
2023 08 01 10 34 13 41 12.40 8 621.7 0.00
2023 08 01 10 35 10 50 12.35 9 621.7 0.00
2023 08 01 10 36 12 26 12.43 8 621.7 0.00
2023 08 01 10 37 13 23 12.43 9 621.7 0.00
2023 08 01 10 38 12 43 12.34 9 621.7 0.00
2023 08 01 10 39 9 0 12.10 8 621.7 0.00
2023 08 01 10 40 7 1 11.93 7 621.7 0.00
2023 08 01 10 41 8 43 11.86 7 621.7 0.00
2023 08 01 10 42 13 34 11.93 9 621.7 0.00
2023 08 01 10 43 14 49 12.07 8 621.7 0.00
2023 08 01 10 44 11 48 12.15 8 621.7 0.00
2023 08 01 10 45 8 40 12.00 6 621.7 0.00
2023 08 01 10 46 7 41 11.88 7 621.7 0.00
2023 08 01 10 47 14 0 11.91 10 621.6 0.00
2023 08 01 10 48 14 31 12.00 8 621.7 0.00
2023 08 01 10 49 8 0 11.79 7 621.7 0.00
2023 08 01 10 50 8 26 11.75 8 621.7 0.00
2023 08 01 10 51 14 19 11.94 10 621.7 0.00
2023 08 01 10 52 11 30 11.84 9 621.7 0.00
2023 08 01 10 53 10 1 11.88 9 621.7 0.00
2023 08 01 10 54 13 50 11.94 10 621.7 0.00
2023 08 01 10 55 12 47 11.85 10 621.7 0.00
2023 08 01 10 56 9 51 11.88 9 621.7 0.00
2023 08 01 10 57 6 37 11.81 9 621.7 0.00
2023 08 01 10 58 12 14 11.92 9 621.7 0.00
2023 08 01 10 59 10 3 12.07 9 621.7 0.00
2023 08 01 11 00 8 0 12.16 8 621.7 0.00
2023 08 01 11 01 8 33 12.14 8 621.7 0.00
2023 08 01 11 02 12 45 12.32 9 621.7 0.00
2023 08 01 11 03 15 58 12.39 8 621.6 0.00
2023 08 01 11 04 14 32 12.32 8 621.6 0.00
2023 08 01 11 05 16 46 12.18 8 621.6 0.00
2023 08 01 11 06 9 15 11.98 8 621.7 0.00
2023 08 01 11 07 10 49 11.91 8 621.7 0.00
2023 08 01 11 08 8 3 11.80 7 621.7 0.00
2023 08 01 11 09 8 25 11.84 8 621.7 0.00
2023 08 01 11 10 11 35 11.83 8 621.7 0.00
2023 08 01 11 11 7 18 11.78 7 621.7 0.00
2023 08 01 11 12 5 58 11.85 8 621.7 0.00
2023 08 01 11 13 4 30 11.80 8 621.7 0.00
2023 08 01 11 14 10 30 12.00 8 621.7 0.00
2023 08 01 11 15 9 11 12.06 8 621.7 0.00
2023 08 01 11 16 13 46 12.04 9 621.7 0.00
2023 08 01 11 17 10 49 11.93 8 621.7 0.00
2023 08 01 11 18 4 1 11.76 8 621.7 0.00
2023 08 01 11 19 7 27 11.93 8 621.7 0.00
2023 08 01 11 20 11 47 12.13 9 621.7 0.00
2023 08 01 11 21 11 18 12.38 9 621.7 0.00
2023 08 01 11 22 10 22 12.38 8 621.7 0.00
2023 08 01 11 23 12 0 12.51 9 621.8 0.00
2023 08 01 11 24 8 43 12.55 8 621.7 0.00
2023 08 01 11 25 7 52 12.41 8 621.7 0.00
2023 08 01 11 26 12 47 12.45 9 621.7 0.00
2023 08 01 11 27 9 39 12.32 9 621.7 0.00
2023 08 01 11 28 9 46 12.25 9 621.7 0.00
2023 08 01 11 29 8 1 12.06 8 621.7 0.00
2023 08 01 11 30 7 13 11.93 7 621.7 0.00
2023 08 01 11 31 5 39 11.75 7 621.7 0.00
2023 08 01 11 32 3 39 11.67 7 621.7 0.00
2023 08 01 11 33 10 28 11.75 8 621.7 0.00
2023 08 01 11 34 7 47 11.65 7 621.7 0.00
2023 08 01 11 35 4 14 11.57 7 621.7 0.00
2023 08 01 11 36 6 47 11.48 6 621.7 0.00
2023 08 01 11 37 6 18 11.45 7 621.7 0.00
2023 08 01 11 38 9 39 11.42 7 621.7 0.00
2023 08 01 11 39 9 35 11.51 6 621.7 0.00
2023 08 01 11 40 5 34 11.45 6 621.7 0.00
2023 08 01 11 41 2 120 11.49 6 621.7 0.00
2023 08 01 11 42 7 47 11.69 7 621.7 0.00
2023 08 01 11 43 10 38 11.77 9 621.6 0.00
2023 08 01 11 44 10 32 11.75 8 621.7 0.00
2023 08 01 11 45 8 12 11.96 9 621.7 0.00
2023 08 01 11 46 7 1 12.07 9 621.7 0.00
2023 08 01 11 47 8 34 12.41 9 621.7 0.00
2023 08 01 11 48 12 36 12.79 9 621.6 0.00
2023 08 01 11 49 11 40 12.87 8 621.6 0.00
2023 08 01 11 50 10 1 12.96 8 621.6 0.00
2023 08 01 11 51 14 7 13.01 9 621.6 0.00
2023 08 01 11 52 16 31 12.92 8 621.6 0.00
2023 08 01 11 53 9 2 12.81 7 621.6 0.00
2023 08 01 11 54 7 22 12.72 7 621.6 0.00
2023 08 01 11 55 6 29 12.61 7 621.6 0.00
2023 08 01 11 56 12 38 12.69 7 621.6 0.00
2023 08 01 11 57 11 29 12.68 6 621.6 0.00
2023 08 01 11 58 11 23 12.71 6 621.6 0.00
2023 08 01 11 59 12 13 12.62 6 621.6 0.00
2023 08 01 12 00 11 10 12.58 7 621.6 0.00
2023 08 01 12 01 10 11 12.66 7 621.6 0.00
2023 08 01 12 02 5 0 12.61 7 621.6 0.00
2023 08 01 12 03 4 22 12.60 7 621.6 0.00
2023 08 01 12 04 7 17 12.66 6 621.6 0.00
2023 08 01 12 05 10 34 12.69 7 621.6 0.00
2023 08 01 12 06 12 1 12.70 7 621.6 0.00
2023 08 01 12 07 8 0 12.76 7 621.6 0.00
2023 08 01 12 08 7 8 12.76 7 621.6 0.00
2023 08 01 12 09 5 83 12.67 7 621.6 0.00
2023 08 01 12 10 5 31 12.62 7 621.6 0.00
2023 08 01 12 11 6 27 12.69 6 621.7 0.00
2023 08 01 12 12 3 0 12.54 6 621.7 0.00
2023 08 01 12 13 4 5 12.61 7 621.6 0.00
2023 08 01 12 14 11 37 12.92 8 621.6 0.00
2023 08 01 12 15 11 28 13.02 7 621.6 0.00
2023 08 01 12 16 10 15 13.03 6 621.6 0.00
2023 08 01 12 17 10 17 13.13 7 621.6 0.00
2023 08 01 12 18 9 71 13.15 7 621.6 0.00
2023 08 01 12 19 10 20 13.29 9 621.5 0.00
2023 08 01 12 20 15 43 13.27 8 621.5 0.00
2023 08 01 12 21 12 0 13.10 8 621.6 0.00
2023 08 01 12 22 7 41 13.01 8 621.6 0.00
2023 08 01 12 23 9 30 13.05 8 621.5 0.00
2023 08 01 12 24 11 0 13.04 8 621.5 0.00
2023 08 01 12 25 11 47 12.95 9 621.6 0.00
2023 08 01 12 26 12 49 12.94 10 621.5 0.00
2023 08 01 12 27 11 31 12.92 10 621.5 0.00
2023 08 01 12 28 13 35 12.94 11 621.5 0.00
2023 08 01 12 29 13 47 13.16 11 621.5 0.00
2023 08 01 12 30 12 11 13.21 10 621.5 0.00
2023 08 01 12 31 11 0 13.10 9 621.5 0.00
2023 08 01 12 32 6 37 13.07 9 621.5 0.00
2023 08 01 12 33 7 13 12.98 9 621.5 0.00
2023 08 01 12 34 12 18 13.01 11 621.5 0.00
2023 08 01 12 35 15 41 13.21 11 621.5 0.00
2023 08 01 12 36 15 37 13.22 9 621.5 0.00
2023 08 01 12 37 10 29 13.08 8 621.5 0.00
2023 08 01 12 38 7 7 12.84 8 621.5 0.00
2023 08 01 12 39 7 25 12.79 9 621.5 0.00
2023 08 01 12 40 13 31 13.04 11 621.5 0.00
2023 08 01 12 41 11 0 13.13 9 621.5 0.00
2023 08 01 12 42 8 6 12.98 8 621.5 0.00
2023 08 01 12 43 11 45 12.87 8 621.5 0.00
2023 08 01 12 44 9 38 12.69 9 621.5 0.00
2023 08 01 12 45 8 0 12.56 9 621.5 0.00
2023 08 01 12 46 11 22 12.57 10 621.5 0.00
2023 08 01 12 47 12 49 12.80 13 621.4 0.00
2023 08 01 12 48 17 46 12.93 11 621.4 0.00
2023 08 01 12 49 13 18 12.84 11 621.4 0.00
2023 08 01 12 50 15 39 12.86 11 621.4 0.00
2023 08 01 12 51 9 32 12.79 10 621.5 0.00
2023 08 01 12 52 12 36 12.89 9 621.5 0.00
2023 08 01 12 53 7 27 12.72 9 621.5 0.00
2023 08 01 12 54 7 24 12.63 10 621.4 0.00
2023 08 01 12 55 12 39 12.79 10 621.4 0.00
2023 08 01 12 56 11 6 12.69 10 621.4 0.00
2023 08 01 12 57 12 1 12.59 9 621.4 0.00
2023 08 01 12 58 10 38 12.49 9 621.4 0.00
2023 08 01 12 59 7 0 12.36 9 621.4 0.00
2023 08 01 13 00 11 15 12.54 9 621.4 0.00
2023 08 01 13 01 12 27 12.54 8 621.4 0.00
2023 08 01 13 02 8 41 12.42 8 621.4 0.00
2023 08 01 13 03 10 3 12.64 10 621.4 0.00
2023 08 01 13 04 15 43 12.94 10 621.3 0.00
2023 08 01 13 05 15 31 13.05 10 621.3 0.00
2023 08 01 13 06 12 40 12.91 9 621.4 0.00
2023 08 01 13 07 12 23 12.97 10 621.3 0.00
2023 08 01 13 08 15 32 12.94 10 621.4 0.00
2023 08 01 13 09 15 35 12.87 10 621.3 0.00
2023 08 01 13 10 11 41 12.74 10 621.4 0.00
2023 08 01 13 11 8 3 12.62 10 621.4 0.00
2023 08 01 13 12 14 47 12.84 11 621.3 0.00
2023 08 01 13 13 9 49 12.64 11 621.4 0.00
2023 08 01 13 14 15 52 12.73 11 621.3 0.00
2023 08 01 13 15 13 39 12.78 12 621.3 0.00
2023 08 01 13 16 12 34 12.72 13 621.3 0.00
2023 08 01 13 17 17 9 12.99 13 621.3 0.00
2023 08 01 13 18 15 17 13.05 13 621.3 0.00
2023 08 01 13 19 18 4 13.22 12 621.3 0.00
2023 08 01 13 20 14 31 13.18 13 621.3 0.00
2023 08 01 13 21 15 23 13.31 13 621.3 0.00
2023 08 01 13 22 13 23 13.16 13 621.3 0.00
2023 08 01 13 23 11 38 12.98 12 621.3 0.00
2023 08 01 13 24 8 39 12.74 12 621.3 0.00
2023 08 01 13 25 9 27 12.61 12 621.3 0.00
2023 08 01 13 26 13 18 12.43 12 621.3 0.00
2023 08 01 13 27 14 27 12.43 12 621.3 0.00
2023 08 01 13 28 15 37 12.31 11 621.2 0.00
2023 08 01 13 29 20 31 12.51 12 621.2 0.00
2023 08 01 13 30 15 49 12.49 11 621.2 0.00
2023 08 01 13 31 17 24 12.47 11 621.2 0.00
2023 08 01 13 32 15 15 12.36 11 621.2 0.00
2023 08 01 13 33 8 22 12.33 11 621.2 0.00
2023 08 01 13 34 15 26 12.40 11 621.2 0.00
2023 08 01 13 35 11 30 12.25 11 621.2 0.00
2023 08 01 13 36 11 49 12.28 12 621.2 0.00
2023 08 01 13 37 12 11 12.20 11 621.2 0.00
2023 08 01 13 38 16 34 12.26 12 621.1 0.00
2023 08 01 13 39 17 24 12.31 12 621.1 0.00
2023 08 01 13 40 10 34 12.15 11 621.2 0.00
2023 08 01 13 41 10 21 12.18 11 621.2 0.00
2023 08 01 13 42 10 48 12.19 10 621.2 0.00
2023 08 01 13 43 12 34 12.37 12 621.2 0.00
2023 08 01 13 44 15 4 12.59 12 621.1 0.00
2023 08 01 13 45 13 30 12.42 12 621.2 0.00
2023 08 01 13 46 16 32 12.55 12 621.2 0.00
2023 08 01 13 47 13 44 12.45 12 621.2 0.00
2023 08 01 13 48 9 29 12.33 11 621.2 0.00
2023 08 01 13 49 11 33 12.28 12 621.2 0.00
2023 08 01 13 50 15 6 12.32 12 621.2 0.00
2023 08 01 13 51 16 29 12.37 11 621.2 0.00
2023 08 01 13 52 14 37 12.23 12 621.2 0.00
2023 08 01 13 53 15 14 12.38 11 621.1 0.00
2023 08 01 13 54 14 20 12.36 11 621.1 0.00
2023 08 01 13 55 14 1 12.38 11 621.1 0.00
2023 08 01 13 56 17 41 12.67 11 621.1 0.00
2023 08 01 13 57 14 31 12.53 10 621.2 0.00
2023 08 01 13 58 15 48 12.48 11 621.1 0.00
2023 08 01 13 59 16 31 12.39 11 621.1 0.00
2023 08 01 14 00 18 23 12.32 11 621.1 0.00
2023 08 01 14 01 15 32 12.24 11 621.2 0.00
2023 08 01 14 02 16 43 12.05 11 621.1 0.00
2023 08 01 14 03 15 45 11.85 12 621.1 0.00
2023 08 01 14 04 14 47 11.71 11 621.1 0.00
2023 08 01 14 05 12 50 11.52 12 621.1 0.00
2023 08 01 14 06 12 1 11.52 12 621.1 0.00
2023 08 01 14 07 9 9 11.38 12 621.1 0.00
2023 08 01 14 08 7 22 11.23 11 621.1 0.00
2023 08 01 14 09 6 19 11.16 11 621.1 0.00
2023 08 01 14 10 10 50 11.15 11 621.1 0.00
2023 08 01 14 11 18 14 11.42 12 621.0 0.00
2023 08 01 14 12 18 48 11.70 11 621.0 0.00
2023 08 01 14 13 15 50 11.59 11 621.0 0.00
2023 08 01 14 14 14 33 11.51 11 621.1 0.00
2023 08 01 14 15 12 46 11.43 11 621.1 0.00
2023 08 01 14 16 11 17 11.30 11 621.0 0.00
2023 08 01 14 17 9 0 11.14 11 621.0 0.00
2023 08 01 14 18 7 34 11.07 11 621.0 0.00
2023 08 01 14 19 12 13 11.28 11 621.0 0.00
2023 08 01 14 20 13 37 11.27 11 621.0 0.00
2023 08 01 14 21 15 37 11.33 11 621.0 0.00
2023 08 01 14 22 17 44 11.30 11 621.0 0.00
2023 08 01 14 23 18 40 11.28 11 621.0 0.00
2023 08 01 14 24 14 41 11.14 11 621.1 0.00
2023 08 01 14 25 18 25 11.30 11 621.0 0.00
2023 08 01 14 26 20 37 11.71 11 621.0 0.00
2023 08 01 14 27 16 2 11.63 11 621.0 0.00
2023 08 01 14 28 15 10 11.43 11 621.0 0.00
2023 08 01 14 29 16 32 11.43 11 621.0 0.00
2023 08 01 14 30 14 35 11.38 11 621.0 0.00
2023 08 01 14 31 12 37 11.13 12 621.0 0.00
2023 08 01 14 32 9 20 10.95 12 621.0 0.00
2023 08 01 14 33 16 27 11.03 13 621.0 0.00
2023 08 01 14 34 14 30 10.98 12 621.0 0.00
2023 08 01 14 35 14 43 10.87 13 621.0 0.00
2023 08 01 14 36 13 22 10.77 13 621.0 0.00
2023 08 01 14 37 20 41 10.90 14 621.0 0.00
2023 08 01 14 38 13 11 10.87 13 621.1 0.00
2023 08 01 14 39 8 24 10.78 13 621.1 0.00
2023 08 01 14 40 13 32 10.97 13 621.0 0.00
2023 08 01 14 41 12 29 10.97 12 621.0 0.00
2023 08 01 14 42 12 23 11.08 12 621.0 0.00
2023 08 01 14 43 15 40 11.24 11 621.0 0.00
2023 08 01 14 44 13 27 11.14 11 621.0 0.00
2023 08 01 14 45 10 9 11.07 10 621.0 0.00
2023 08 01 14 46 5 26 11.00 11 621.0 0.00
2023 08 01 14 47 13 41 11.17 11 621.0 0.00
2023 08 01 14 48 12 30 11.20 10 621.0 0.00
2023 08 01 14 49 11 45 11.24 10 621.0 0.00
2023 08 01 14 50 12 4 11.21 10 621.0 0.00
2023 08 01 14 51 16 35 11.42 10 620.9 0.00
2023 08 01 14 52 15 19 11.35 10 621.0 0.00
2023 08 01 14 53 17 11 11.33 10 620.9 0.00
2023 08 01 14 54 14 0 11.27 10 621.0 0.00
2023 08 01 14 55 13 35 11.20 10 620.9 0.00
2023 08 01 14 56 17 39 11.35 10 621.0 0.00
2023 08 01 14 57 13 44 11.39 10 621.0 0.00
2023 08 01 14 58 15 33 11.42 10 620.9 0.00
2023 08 01 14 59 13 34 11.26 9 621.0 0.00
2023 08 01 15 00 13 45 11.09 10 621.0 0.00
2023 08 01 15 01 12 50 11.04 11 620.9 0.00
2023 08 01 15 02 14 16 11.05 10 620.9 0.00
2023 08 01 15 03 8 37 10.84 10 621.0 0.00
2023 08 01 15 04 11 43 10.82 11 621.0 0.00
2023 08 01 15 05 12 16 10.76 12 621.0 0.00
2023 08 01 15 06 10 31 10.72 12 621.0 0.00
2023 08 01 15 07 9 43 10.66 12 621.0 0.00
2023 08 01 15 08 9 45 10.74 11 621.0 0.00
2023 08 01 15 09 12 12 10.78 11 621.0 0.00
2023 08 01 15 10 13 40 10.77 11 621.0 0.00
2023 08 01 15 11 14 9 10.89 11 621.0 0.00
2023 08 01 15 12 11 0 10.86 11 621.0 0.00
2023 08 01 15 13 14 21 10.99 12 621.0 0.00
2023 08 01 15 14 14 40 11.05 11 621.0 0.00
2023 08 01 15 15 11 14 11.02 11 621.0 0.00
2023 08 01 15 16 10 28 10.98 11 621.0 0.00
