2007 12 31 23 59    6.96     299   -0.52      84   612.8
2008 12 01 00 04   15.65     268   -1.06      15   612.4
2008 12 01 00 09   13.91     268   -1.06      14   612.3
2008 12 01 00 14   15.65     274   -1.13      14   612.3
2008 12 01 00 19   15.65     256   -1.13      14   612.3
2008 12 01 00 24   16.52     276   -1.01      15   612.2
2008 12 01 00 29   16.52     277   -0.89      14   612.2
2008 12 01 00 34   17.39     277   -0.89      14   612.2
2008 12 01 00 39   17.39     273   -0.89      14   612.1
2008 12 01 00 44   19.13     259   -0.82      14   612.1
2008 12 01 00 49   19.13     277   -0.89      15   612.1
2008 12 01 00 54   17.39     262   -1.01      15   612.1
2008 12 01 00 59   16.52     276   -1.13      14   612.0
2008 12 01 01 04   18.26     257   -1.13      15   612.0
2008 12 01 01 09   16.52     250   -1.06      16   612.0
2008 12 01 01 14   17.39     275   -0.94      16   612.0
2008 12 01 01 19   17.39     282   -0.89      16   611.9
2008 12 01 01 24   15.65     279   -1.01      16   612.0
2008 12 01 01 29   15.65     286   -1.30      16   612.0
2008 12 01 01 34   18.26     242   -1.43      15   611.8
2008 12 01 01 39   18.26     278   -1.30      14   611.8
2008 12 01 01 44   16.52     269   -1.25      15   611.8
2008 12 01 01 49   19.13     272   -1.25      15   611.8
2008 12 01 01 54   18.26     283   -1.30      16   611.8
2008 12 01 01 59   17.39     253   -1.43      16   611.8
2008 12 01 02 04   20.00     285   -1.43      15   611.9
2008 12 01 02 09   20.87     282   -1.50      15   611.8
2008 12 01 02 14   20.00     210   -1.46      15   611.8
2008 12 01 02 19   19.13     277   -1.38      15   611.8
2008 12 01 02 24   20.00     283   -1.30      15   611.9
2008 12 01 02 29   18.26     263   -1.25      15   611.9
2008 12 01 02 34   17.39     278   -1.25      15   611.9
2008 12 01 02 39   18.26     241   -1.17      15   611.9
2008 12 01 02 44   17.39     278   -1.16      15   611.9
2008 12 01 02 49   16.52     275   -1.18      15   612.0
2008 12 01 02 54   19.13     281   -1.18      15   612.1
2008 12 01 02 59   17.39     281   -1.25      16   612.1
2008 12 01 03 04   18.26     277   -1.25      16   612.1
2008 12 01 03 09   20.00     272   -1.30      16   612.0
2008 12 01 03 14   20.00     277   -1.25      16   612.0
2008 12 01 03 19   19.13     281   -1.25      16   611.9
2008 12 01 03 24   20.00     250   -1.25      16   611.9
2008 12 01 03 29   19.13     263   -1.25      16   612.0
2008 12 01 03 34   20.00     277   -1.25      17   612.0
2008 12 01 03 39   20.87     281   -1.30      18   611.8
2008 12 01 03 44   23.48     260   -1.30      18   611.6
2008 12 01 03 49   24.35     282   -1.30      18   611.4
2008 12 01 03 54   23.48     282   -1.30      18   611.4
2008 12 01 03 59   22.61     223   -1.25      18   611.5
2008 12 01 04 04   21.74     286   -1.30      19   611.6
2008 12 01 04 09   22.61     242   -1.38      17   611.6
2008 12 01 04 14   22.61     257   -1.38      17   611.5
2008 12 01 04 19   20.87     263   -1.39      16   611.5
2008 12 01 04 24   20.87     252   -1.43      16   611.5
2008 12 01 04 29   21.74     283   -1.50      16   611.6
2008 12 01 04 34   22.61     282   -1.50      17   611.6
2008 12 01 04 39   20.87     288   -1.42      17   611.8
2008 12 01 04 44   21.74     275   -1.28      17   611.8
2008 12 01 04 49   21.74     279   -1.25      18   611.8
2008 12 01 04 54   20.00     279   -1.25      18   611.7
2008 12 01 04 59   20.87     285   -1.25      18   611.9
2008 12 01 05 04   18.26     287   -1.25      18   612.1
2008 12 01 05 09   18.26     249   -1.13      18   612.0
2008 12 01 05 14   19.13     293   -1.13      19   612.1
2008 12 01 05 19   19.13     289   -1.13      20   612.3
2008 12 01 05 24   20.00     263   -1.06      21   612.3
2008 12 01 05 29   17.39     266   -1.01      20   612.3
2008 12 01 05 34   16.52     216   -1.06      21   612.3
2008 12 01 05 39   18.26     287   -1.13      25   612.1
2008 12 01 05 44   18.26     271   -1.13      24   612.3
2008 12 01 05 49   18.26     283   -1.13      26   612.4
2008 12 01 05 54   15.65     290   -1.06      25   612.5
2008 12 01 05 59   15.65     288   -1.05      24   612.5
2008 12 01 06 04   15.65     262   -1.01      25   612.7
2008 12 01 06 09   14.78     294   -1.06      25   612.7
2008 12 01 06 14   14.78     274   -1.06      24   612.8
2008 12 01 06 19   16.52     282   -1.06      21   612.8
2008 12 01 06 24   15.65     247   -1.06      25   613.0
2008 12 01 06 29   14.78     265   -1.18      25   613.2
2008 12 01 06 34   13.91     285   -1.25      26   613.2
2008 12 01 06 39   14.78     285   -1.25      28   613.3
2008 12 01 06 44   13.91     284   -1.25      30   613.3
2008 12 01 06 49   12.17     284   -1.25      26   613.4
2008 12 01 06 54   11.30     261   -1.13      24   613.5
2008 12 01 06 59    8.70     283   -1.01      21   613.5
2008 12 01 07 04   11.30     264   -0.82      17   613.6
2008 12 01 07 09   10.43     291   -0.76      13   613.8
2008 12 01 07 14   11.30     278   -0.32      11   613.8
2008 12 01 07 19    9.57     292   -0.04      11   613.9
2008 12 01 07 24    8.70     290    0.04      10   614.0
2008 12 01 07 29    6.96     290    0.04      11   614.0
2008 12 01 07 34    9.57     268    0.33      11   614.2
2008 12 01 07 39    7.83     281    0.53      11   614.2
2008 12 01 07 44    8.70     294    0.65      11   614.3
2008 12 01 07 49    8.70     295    0.70      11   614.3
2008 12 01 07 54   11.30     297    0.82      11   614.4
2008 12 01 07 59   12.17     294    0.90      11   614.5
2008 12 01 08 04    9.57     296    0.82      11   614.6
2008 12 01 08 09   13.04     266    0.85      11   614.7
2008 12 01 08 14   12.17     297    1.07      11   614.8
2008 12 01 08 19   11.30     299    0.95      11   614.9
2008 12 01 08 24   11.30     301    0.95      11   615.0
2008 12 01 08 29   12.17     286    1.07      10   615.0
2008 12 01 08 34   12.17     274    1.14      10   615.0
2008 12 01 08 39   13.04     257    1.19      12   615.0
2008 12 01 08 44   13.91     292    1.31      12   615.1
2008 12 01 08 49   13.91     307    1.44      12   615.1
2008 12 01 08 54   17.39     301    1.55      12   615.2
2008 12 01 08 59   17.39     312    1.55      11   615.2
2008 12 01 09 04   17.39     317    1.51      11   615.2
2008 12 01 09 09   18.26     298    1.51      11   615.2
2008 12 01 09 14   16.52     320    1.39      10   615.3
2008 12 01 09 19   13.91     294    1.27      11   615.3
2008 12 01 09 24   19.13     319    1.51      11   615.4
2008 12 01 09 29   17.39     300    1.80      12   615.4
2008 12 01 09 34   15.65     271    2.00      12   615.5
2008 12 01 09 39   13.91     323    2.04      12   615.5
2008 12 01 09 44   15.65     321    2.17      12   615.5
2008 12 01 09 49   13.91     325    2.29      12   615.6
2008 12 01 09 54   11.30     319    2.24      12   615.7
2008 12 01 09 59   11.30     323    2.41      13   615.7
2008 12 01 10 04   12.17     281    2.24      13   615.8
2008 12 01 10 09    9.57     268    2.17      16   615.8
2008 12 01 10 14    8.70     308    2.29      13   615.8
2008 12 01 10 19   11.30     294    2.41      12   615.9
2008 12 01 10 24   11.30     318    2.49      13   615.8
2008 12 01 10 29   10.43     311    2.53      13   615.9
2008 12 01 10 34    9.57     320    2.66      13   615.9
2008 12 01 10 39   10.43     326    2.85      13   615.9
2008 12 01 10 44    7.83     324    3.22      13   615.9
2008 12 01 10 49    6.09     307    3.09      14   615.9
2008 12 01 10 54    6.96     315    2.85      13   615.8
2008 12 01 10 59    6.09     327    2.90      14   615.8
2008 12 01 11 04   11.30     330    2.97      13   615.8
2008 12 01 11 09    8.70     288    2.85      17   615.7
2008 12 01 11 14   13.04     280    2.97      22   615.6
2008 12 01 11 19   11.30     335    2.85      17   615.5
2008 12 01 11 24   15.65     298    2.97      18   615.4
2008 12 01 11 29   13.04     331    3.14      19   615.4
2008 12 01 11 34   14.78     317    3.39      16   615.3
2008 12 01 11 39   16.52     334    3.51      11   615.2
2008 12 01 11 44   14.78     315    3.83      15   615.1
2008 12 01 11 49   15.65     326    3.63      27   615.2
2008 12 01 11 54   13.91     305    3.25      29   615.2
2008 12 01 11 59   11.30     314    2.90      24   615.0
2008 12 01 12 04   11.30     307    2.73      19   615.1
2008 12 01 12 09   10.43     284    3.09      11   615.0
2008 12 01 12 14   11.30     308    3.09      21   615.0
2008 12 01 12 19   12.17     314    3.83      15   615.0
2008 12 01 12 24    6.09     332    3.51      22   614.9
2008 12 01 12 29   13.04     332    3.76      21   614.8
2008 12 01 12 34    1.74     347    4.00      17   614.8
2008 12 01 12 39    8.70     241    4.10      21   614.8
2008 12 01 12 44   12.17     310    4.00      13   614.7
2008 12 01 12 49    8.70     319    4.47      13   614.6
2008 12 01 12 54   13.04     330    4.05      10   614.5
2008 12 01 12 59    7.83     303    3.83      19   614.5
2008 12 01 13 04    7.83     322    4.17      18   614.5
2008 12 01 13 09    6.09     288    4.18      11   614.4
2008 12 01 13 14    3.48     355    4.54      13   614.4
2008 12 01 13 19    8.70     351    4.91      18   614.4
2008 12 01 13 24   12.17     309    4.59      18   614.2
2008 12 01 13 29   10.43     352    4.47      18   614.3
2008 12 01 13 34   13.91     352    4.22      13   614.2
2008 12 01 13 39    9.57     262    4.35      20   614.2
2008 12 01 13 44    6.96     229    4.54      20   614.2
2008 12 01 13 49   11.30     326    4.90      21   614.2
2008 12 01 13 54    8.70     291    4.66      16   614.2
2008 12 01 13 59    7.83     311    5.07      19   614.2
2008 12 01 14 04   11.30     339    4.83      19   614.2
2008 12 01 14 09   10.43     311    4.83      19   614.2
2008 12 01 14 14    9.57     322    4.54      20   614.1
2008 12 01 14 19   10.43     334    4.59      25   614.2
2008 12 01 14 24    7.83     320    4.00      17   614.2
2008 12 01 14 29    4.35     333    3.76      17   614.3
2008 12 01 14 34    5.22     326    3.51      27   614.2
2008 12 01 14 39    0.87      53    3.22      29   614.2
2008 12 01 14 44    0.87     332    3.76      24   614.2
2008 12 01 14 49    1.74     330    4.42      20   614.3
2008 12 01 14 54    0.00     304    4.42      20   614.2
2008 12 01 14 59    6.09     324    4.78      22   614.3
2008 12 01 15 04    6.96     304    4.95      21   614.3
2008 12 01 15 09    4.35     341    4.66      19   614.2
2008 12 01 15 14    6.09     328    4.59      19   614.2
2008 12 01 15 19    3.48     309    4.95      14   614.3
2008 12 01 15 24    3.48     314    4.78      21   614.2
2008 12 01 15 29    8.70     318    4.59      21   614.1
2008 12 01 15 34   15.65     311    4.35      19   614.1
2008 12 01 15 39   10.43     322    4.71      14   614.1
2008 12 01 15 44   10.43     331    4.35      16   614.1
2008 12 01 15 49    5.22     333    4.54      18   614.2
2008 12 01 15 54    6.09     292    4.83      17   614.1
2008 12 01 15 59    6.09     335    4.59      10   614.1
2008 12 01 16 04    9.57     336    4.74      12   614.1
2008 12 01 16 09    6.96     342    4.35      14   614.1
2008 12 01 16 14    6.09     337    4.47      14   614.1
2008 12 01 16 19    3.48     303    4.42      13   614.2
2008 12 01 16 24    5.22     336    4.30      11   614.1
2008 12 01 16 29    6.09     312    4.30      13   614.2
2008 12 01 16 34    6.09     359    4.47      13   614.3
2008 12 01 16 39    5.22     337    4.71      16   614.4
2008 12 01 16 44    6.96     303    4.54      28   614.4
2008 12 01 16 49    7.83     295    4.18      33   614.4
2008 12 01 16 54    6.09     309    3.76      34   614.5
2008 12 01 16 59    6.09     301    3.39      48   614.5
2008 12 01 17 04    6.96     326    3.22      37   614.5
2008 12 01 17 09    5.22     330    3.39      42   614.6
2008 12 01 17 14    6.96     326    3.39      34   614.6
2008 12 01 17 19    6.96     333    3.02      34   614.7
2008 12 01 17 24    7.83     316    2.73      29   614.6
2008 12 01 17 29    6.96     336    2.61      42   614.7
2008 12 01 17 34    6.96     319    2.36      47   614.8
2008 12 01 17 39    7.83     314    2.00      55   614.7
2008 12 01 17 44    7.83     309    1.68      46   614.8
2008 12 01 17 49    8.70     291    1.55      32   614.8
2008 12 01 17 54    9.57     301    1.44      47   614.8
2008 12 01 17 59    8.70     298    1.31      47   614.8
2008 12 01 18 04    8.70     244    1.31      63   614.7
2008 12 01 18 09   10.43     299    1.31      69   614.8
2008 12 01 18 14   10.43     296    1.26      73   614.8
2008 12 01 18 19   12.17     275    1.26      68   614.9
2008 12 01 18 24   11.30     278    1.31      69   614.9
2008 12 01 18 29   13.91     298    1.39      64   614.9
2008 12 01 18 34   13.91     300    1.31      65   615.0
2008 12 01 18 39   13.04     271    1.31      60   615.0
2008 12 01 18 44   16.52     278    1.31      60   615.0
2008 12 01 18 49   16.52     301    1.31      59   615.1
2008 12 01 18 54    9.57     297    1.26      62   615.2
2008 12 01 18 59   12.17     288    1.07      62   615.3
2008 12 01 19 04   10.43     259    0.95      59   615.4
2008 12 01 19 09   10.43     307    0.82      56   615.5
2008 12 01 19 14    8.70     271    0.82      55   615.5
2008 12 01 19 19   10.43     302    0.82      50   615.6
2008 12 01 19 24   10.43     310    1.02      43   615.5
2008 12 01 19 29   10.43     279    1.02      46   615.5
2008 12 01 19 34    8.70     265    0.95      46   615.5
2008 12 01 19 39    9.57     316    0.82      46   615.5
2008 12 01 19 44    8.70     277    0.70      51   615.5
2008 12 01 19 49    9.57     323    0.46      51   615.6
2008 12 01 19 54    8.70     261    0.33      48   615.6
2008 12 01 19 59    6.96     280    0.46      46   615.6
2008 12 01 20 04   10.43     314    0.58      40   615.7
2008 12 01 20 09    9.57     299    0.70      36   615.7
2008 12 01 20 14    8.70     303    0.77      33   615.8
2008 12 01 20 19    9.57     270    0.77      34   615.8
2008 12 01 20 24    9.57     304    0.82      40   615.9
2008 12 01 20 29   10.43     282    0.76      39   615.9
2008 12 01 20 34    7.83     247    0.77      32   615.9
2008 12 01 20 39    6.09     269    0.82      27   616.0
2008 12 01 20 44    5.22     263    0.95      25   616.0
2008 12 01 20 49    4.35     256    1.07      23   616.1
2008 12 01 20 54    6.09     288    1.02      25   616.1
2008 12 01 20 59    3.48     300    1.07      24   616.1
2008 12 01 21 04    3.48     317    1.14      21   616.1
2008 12 01 21 09    5.22     322    1.14      22   616.2
2008 12 01 21 14    6.96     309    1.02      23   616.2
2008 12 01 21 19    6.96     317    0.90      22   616.2
2008 12 01 21 24    6.09     323    0.90      22   616.2
2008 12 01 21 29    6.09     319    0.90      22   616.2
2008 12 01 21 34    6.96     320    0.90      22   616.2
2008 12 01 21 39    6.09     316    0.82      22   616.2
2008 12 02 07 24   10.43      85    2.53       9   616.8
2008 12 02 07 29   10.43      83    2.78      11   616.8
2008 12 02 07 34   12.17      84    3.09      19   616.8
2008 12 02 07 39   11.30      82    3.39      19   616.9
2008 12 02 07 44   12.17      81    3.58      22   617.0
2008 12 02 07 49   12.17      84    3.83      25   617.1
2008 12 02 07 54    9.57      85    3.83      17   617.2
2008 12 02 07 59    9.57      80    3.83      15   617.2
2008 12 02 08 04   12.17      75    3.76      15   617.3
2008 12 02 08 09   11.30      84    3.95      19   617.3
2008 12 02 08 14   11.30      90    4.00      15   617.4
2008 12 02 08 19   12.17      92    3.95      14   617.4
2008 12 02 08 24   10.43      88    3.87      10   617.5
2008 12 02 08 29   10.43     102    4.12      11   617.5
2008 12 02 08 34   12.17      96    4.25      17   617.5
2008 12 02 08 39   14.78      89    4.37      20   617.6
2008 12 02 08 44   13.91      95    4.32      21   617.6
2008 12 02 08 49   14.78      98    4.56      25   617.7
2008 12 02 08 54   10.43      84    4.59      19   617.8
2008 12 02 08 59   12.17     102    4.44      21   617.8
2008 12 02 09 04   11.30      97    4.44      17   617.8
2008 12 02 09 09    6.96     100    4.32      12   617.9
2008 12 02 09 14    9.57      98    4.61      13   617.9
2008 12 02 09 19   10.43     105    4.49      13   618.0
2008 12 02 09 24    8.70      96    4.49      15   618.0
2008 12 02 09 29    6.09     107    4.32      13   618.0
2008 12 02 09 34   10.43      84    4.44      19   617.9
2008 12 02 09 39    9.57      98    4.56      24   617.9
2008 12 02 09 44    8.70      95    4.68      22   617.8
2008 12 02 09 49   11.30     102    4.97      30   617.9
2008 12 02 09 54   11.30     101    5.17      22   617.9
2008 12 02 09 59   10.43      94    4.97      19   617.9
2008 12 02 10 04    8.70      93    5.22      15   617.9
2008 12 02 10 09    9.57      88    5.22      25   617.9
2008 12 02 10 14   11.30      83    5.22      18   618.0
2008 12 02 10 19    8.70     101    5.10      14   618.0
2008 12 02 10 24   10.43     100    5.29      19   618.0
2008 12 02 10 29    9.57     115    5.22      18   617.9
2008 12 02 10 34   12.17     100    5.22      25   617.8
2008 12 02 10 39   11.30     104    5.41      16   617.8
2008 12 02 10 44   13.91      97    5.54      17   617.8
2008 12 02 10 49   11.30     107    5.22      18   617.8
2008 12 02 10 54   13.91      96    5.34      16   617.7
2008 12 02 10 59   13.91     106    5.46      12   617.7
2008 12 02 11 04   13.91     110    5.34      14   617.6
2008 12 02 11 09   14.78      98    5.30      20   617.6
2008 12 02 11 14   15.65     101    5.41      16   617.6
2008 12 02 11 19   14.78     136    5.41      13   617.5
2008 12 02 11 24   12.17     130    5.59      12   617.5
2008 12 02 11 29   10.43     138    5.54      16   617.4
2008 12 02 11 34   13.04     145    5.59      13   617.5
2008 12 02 11 39   12.17     106    5.54      16   617.4
2008 12 02 11 44   13.91     106    5.54      15   617.5
2008 12 02 11 49    9.57     126    5.34      14   617.4
2008 12 02 11 54   10.43      98    5.46      18   617.3
2008 12 02 11 59   13.91     113    5.41      16   617.3
2008 12 02 12 04   12.17     132    5.41      24   617.2
2008 12 02 12 09   10.43      99    5.46      18   617.3
2008 12 02 12 14   10.43     100    5.34      19   617.3
2008 12 02 12 19   11.30     112    5.41      27   617.3
2008 12 02 12 24   10.43      79    5.46      32   617.3
2008 12 02 12 29    8.70     106    5.59      28   617.2
2008 12 02 12 34    9.57     133    5.71      30   617.1
2008 12 02 12 39   11.30     101    5.71      29   617.1
2008 12 02 12 44   10.43     102    6.02      26   617.1
2008 12 02 12 49   13.91     105    6.02      26   616.9
2008 12 02 12 54   11.30     124    5.95      32   616.9
2008 12 02 12 59   11.30      97    5.90      26   616.9
2008 12 02 13 04    9.57     104    5.83      26   616.9
2008 12 02 13 09    9.57      94    6.07      25   616.9
2008 12 02 13 14    6.96      81    6.19      29   616.9
2008 12 02 13 19   12.17      81    6.14      29   616.8
2008 12 02 13 24   15.65      99    6.14      20   616.7
2008 12 02 13 29   13.04      90    5.90      26   616.6
2008 12 02 13 34   13.91      81    5.95      23   616.7
2008 12 02 13 39   13.04     107    6.14      25   616.6
2008 12 02 13 44   10.43     103    5.83      25   616.6
2008 12 02 13 49   13.04      99    5.78      26   616.5
2008 12 02 13 54   13.04      96    5.66      31   616.5
2008 12 02 13 59   10.43      93    5.71      31   616.5
2008 12 02 14 04   13.04     125    5.71      30   616.4
2008 12 02 14 09   13.04     112    5.53      29   616.4
2008 12 02 14 14   10.43      85    5.58      29   616.4
2008 12 02 14 19   14.78      95    5.78      31   616.4
2008 12 02 14 24   14.78     103    5.54      26   616.3
2008 12 02 14 29   17.39     101    5.29      24   616.3
2008 12 02 14 34   13.04     102    5.05      33   616.3
2008 12 02 14 39   12.17     107    4.93      31   616.2
2008 12 02 14 44   12.17     111    4.85      33   616.2
2008 12 02 14 49   13.91     111    4.85      31   616.2
2008 12 02 14 54   14.78     100    4.80      26   616.2
2008 12 02 14 59   13.04     116    4.73      26   616.3
2008 12 02 15 04   13.04     121    4.68      28   616.3
2008 12 02 15 09   13.04     114    4.61      29   616.3
2008 12 02 15 14   15.65     103    4.37      32   616.4
2008 12 02 15 19   12.17     119    4.12      32   616.4
2008 12 02 15 24   11.30     106    4.07      35   616.4
2008 12 02 15 29   13.04     113    4.12      31   616.4
2008 12 02 15 34   13.04     120    4.12      37   616.4
2008 12 02 15 39   11.30     139    4.00      32   616.5
2008 12 02 15 44   10.43     109    3.87      35   616.5
2008 12 02 15 49   11.30     114    3.83      39   616.5
2008 12 02 15 54    8.70     110    3.75      41   616.5
2008 12 02 15 59   12.17     106    3.83      39   616.5
2008 12 02 16 04    9.57     107    3.83      37   616.6
2008 12 02 16 09    8.70     132    3.87      38   616.7
2008 12 02 16 14    6.96     112    3.70      33   616.8
2008 12 02 16 19    5.22     113    3.51      31   616.8
2008 12 02 16 24    6.09     101    3.46      33   616.9
2008 12 02 16 29    8.70     108    3.46      35   616.9
2008 12 02 16 34    9.57     109    3.46      36   616.9
2008 12 02 16 39    6.96     107    3.39      35   617.0
2008 12 02 16 44   11.30     106    3.46      40   616.9
2008 12 02 16 49    6.09     106    3.39      38   616.9
2008 12 02 16 54    7.83      86    3.39      39   616.9
2008 12 02 16 59    6.09     102    3.39      40   617.1
2008 12 02 17 04    6.09     106    3.34      40   617.1
2008 12 02 17 09    6.09     102    3.27      41   617.1
2008 12 02 17 14    6.09     110    3.22      36   617.2
2008 12 02 17 19    5.22      93    3.14      40   617.3
2008 12 02 17 24    7.83      92    3.09      41   617.3
2008 12 02 17 29    5.22     117    3.02      39   617.3
2008 12 02 17 34    7.83     104    2.90      43   617.4
2008 12 02 17 39    6.09     102    2.78      45   617.5
2008 12 02 17 44    6.96     101    2.66      45   617.5
2008 12 02 17 49    5.22     106    2.53      45   617.6
2008 12 02 17 54    4.35     120    2.48      45   617.7
2008 12 02 17 59    5.22     101    2.36      46   617.7
2008 12 02 18 04    6.96     101    2.36      45   617.7
2008 12 02 18 09    6.09     101    2.36      47   617.8
2008 12 02 18 14    5.22     104    2.36      47   617.8
2008 12 02 18 19    4.35     102    2.36      47   617.9
2008 12 02 18 24    5.22      86    2.36      47   617.8
2008 12 02 18 29    6.09      84    2.36      47   617.9
2008 12 02 18 34    6.09      90    2.41      47   618.0
2008 12 02 18 39    6.09      82    2.41      47   618.0
2008 12 02 18 44    8.70      80    2.36      47   617.9
2008 12 02 18 49    8.70      85    2.36      47   618.0
2008 12 02 18 54   10.43      84    2.29      48   618.0
2008 12 02 18 59    9.57      87    2.29      47   618.0
2008 12 02 19 04    6.96      92    2.29      47   618.1
2008 12 02 19 09    6.96      81    2.24      47   618.1
2008 12 02 19 14    6.96      81    2.24      48   618.2
2008 12 02 19 19    7.83      75    2.29      47   618.2
2008 12 02 19 24    8.70      74    2.36      47   618.2
2008 12 02 19 29    9.57      70    2.41      48   618.3
2008 12 02 19 34   11.30      72    2.41      46   618.2
2008 12 02 19 39   10.43      61    2.41      46   618.3
2008 12 02 19 44   11.30      67    2.41      45   618.2
2008 12 02 19 49   11.30      67    2.29      47   618.3
2008 12 02 19 54    9.57      73    2.17      47   618.3
2008 12 02 19 59   12.17      65    2.17      45   618.3
2008 12 02 20 04   13.91      64    2.24      45   618.3
2008 12 02 20 09   13.91      69    2.17      46   618.3
2008 12 02 20 14   11.30      63    2.17      47   618.3
2008 12 02 20 19   12.17      80    2.12      47   618.4
2008 12 02 20 24   13.04      70    2.17      45   618.4
2008 12 02 20 29   12.17      79    2.24      46   618.4
2008 12 02 20 34   13.91      77    2.17      46   618.4
2008 12 02 20 39   11.30      70    2.17      46   618.4
2008 12 02 20 44   11.30      84    2.24      46   618.4
2008 12 02 20 49   12.17      81    2.41      46   618.4
2008 12 02 20 54   10.43      82    2.41      46   618.5
2008 12 02 20 59   12.17      77    2.36      46   618.5
2008 12 02 21 04   12.17      80    2.29      45   618.5
2008 12 02 21 09   12.17      88    2.29      44   618.5
2008 12 02 21 14   11.30      88    2.32      49   618.6
2008 12 02 21 19   12.17      79    2.24      47   618.6
2008 12 02 21 24   12.17      89    2.29      48   618.7
2008 12 02 21 29   12.17      87    2.24      47   618.7
2008 12 02 21 34   12.17      80    2.17      46   618.7
2008 12 02 21 39   10.43      84    2.17      47   618.8
2008 12 02 21 44   11.30      77    2.29      43   618.8
2008 12 02 21 49   13.04      72    2.24      43   618.8
2008 12 02 21 54   13.04      75    2.24      43   618.8
2008 12 02 21 59   13.04      72    2.24      44   618.9
2008 12 02 22 04   12.17      70    2.36      41   618.9
2008 12 02 22 09   12.17      75    2.41      43   618.9
2008 12 02 22 14   12.17      72    2.41      44   619.0
2008 12 02 22 19   13.04      71    2.36      44   619.0
2008 12 02 22 24   12.17      71    2.36      42   619.0
2008 12 02 22 29   12.17      73    2.36      46   619.0
2008 12 02 22 34   13.04      72    2.41      40   619.0
2008 12 02 22 39   13.04      77    2.36      48   619.0
2008 12 02 22 44   13.04      77    2.25      49   619.0
2008 12 02 22 49   14.78      78    2.24      49   619.0
2008 12 02 22 54   15.65      75    2.17      49   618.9
2008 12 02 22 59   15.65      75    2.24      47   619.0
2008 12 02 23 04   15.65      79    2.12      49   618.9
2008 12 02 23 09   13.91      81    2.04      50   619.0
2008 12 02 23 14   14.78      81    1.92      50   619.0
2008 12 02 23 19   14.78      76    1.92      48   618.9
2008 12 02 23 24   14.78      81    1.75      50   618.9
2008 12 02 23 29   15.65      81    1.68      48   618.9
2008 12 02 23 34   15.65      81    1.68      50   618.8
2008 12 02 23 39   16.52      83    1.63      49   618.8
2008 12 02 23 44   16.52      79    1.63      53   618.6
2008 12 02 23 49   14.78      84    1.68      49   618.6
2008 12 02 23 54   15.65      82    1.63      51   618.6
2008 12 02 23 59   16.52      82    1.75      51   618.6
2008 12 03 00 04   15.65      81    1.75      53   618.5
2008 12 03 00 09   15.65      81    1.75      52   618.5
2008 12 03 00 14   13.04      88    1.63      36   618.6
2008 12 03 00 19   14.78      85    1.31      43   618.5
2008 12 03 00 24   14.78      86    1.26      52   618.5
2008 12 03 00 29   16.52      82    1.26      52   618.4
2008 12 03 00 34   18.26      83    1.31      51   618.4
2008 12 03 00 39   17.39      82    1.39      50   618.4
2008 12 03 00 44   15.65      78    1.31      47   618.4
2008 12 03 00 49   14.78      86    1.19      40   618.4
2008 12 03 00 54   15.65      89    0.95      20   618.4
2008 12 03 00 59   13.04      93    0.70      34   618.3
